01.01.2007   N1106
Образец: "Ag"
LiF200
Трубка: "40,0/0,100"
        Отр1            Отр2
   [мА]  [Имп/с]   [мА]  [Имп/с]
    834    2387     425     101
    839    2488     427     101
    844    2387     430     101
    849    1950     432    67,2
    854    1782     435    67,2
    859    1681     437    67,2
    864    1782     440     101
    869    2017     442     101
    874    2219     445     101
    879    2454     447     101
    884    2252     450     101
    889    2051     452     134
    894    1916     455     134
    899    1950     457     168
    904    1883     460     202
    905    2161     460     237
    907    2197     461     236
    909    2177     462     282
    911    2151     463     267
    913    2176     464     294
    915    2191     465     321
    917    2077     466     314
    919    2109     467     319
    921    2178     468     382
    923    2092     469     413
    925    2132     470     417
    927    2121     471     470
    929    2076     472     506
    931    2162     473     638
    933    2053     474     698
    935    2056     475     676
    937    2141     476     730
    939    2057     477     789
    941    2068     478     804
    943    2072     479     802
    945    2097     480     847
    947    2170     481     949
    949    2139     482     995
    951    1980     483    1023
    953    2077     484    1035
    955    2049     485    1146
    957    2099     486    1112
    959    2166     487    1070
    961    2165     488    1170
    963    2101     489    1285
    966    2064     490    1340
    967    2072     491    1370
    969    2147     492    1474
    971    2096     493    1362
    974    2106     494    1391
    976    2101     495    1428
    977    2056     496    1448
    980    2084     497    1446
    982    2043     498    1332
    984    2084     499    1409
    986    1985     500    1379
    988    2043     501    1340
    990    2087     502    1234
    992    1980     503    1237
    994    1901     504    1333
    996    1926     505    1192
    998    1857     506    1171
   1000    1920     507    1033
   1002    1892     508     969
   1004    1803     509     917
   1006    1720     510     862
   1008    1733     511     773
   1010    1799     512     700
   1012    1706     513     600
   1014    1586     514     555
   1016    1688     515     496
   1018    1582     516     469
   1020    1660     517     408
   1022    1551     518     406
   1024    1587     519     401
   1027    1594     520     424
   1028    1587     521     410
   1030    1550     522     405
   1032    1522     523     404
   1035    1604     524     385
   1037    1539     525     429
   1039    1593     526     468
   1041    1644     527     490
   1043    1462     528     501
   1045    1552     529     560
   1047    1515     530     602
   1049    1537     531     733
   1051    1492     532     794
   1053    1565     533     912
   1055    1642     534    1052
   1057    1638     535    1220
   1059    1687     536    1422
   1061    1670     537    1557
   1063    1680     538    1764
   1065    1784     539    1918
   1067    1840     540    2229
   1069    1819     541    2640
   1071    1920     542    2813
   1073    2013     543    3022
   1075    2069     544    3386
   1077    2166     545    3610
   1079    2140     546    3842
   1081    2290     547    4081
   1083    2380     548    4317
   1085    2395     549    4638
   1087    2573     550    4941
   1089    2362     551    5177
   1091    2365     552    5613
   1093    2459     553    5711
   1095    2573     554    5958
   1097    2576     555    6291
   1099    2803     556    6427
   1101    2800     557    6774
   1103    2798     558    7002
   1105    2823     559    7004
   1107    2766     560    7104
   1109    2827     561    7234
   1111    2787     562    7123
   1113    2803     563    7155
   1115    2802     564    7112
   1117    2787     565    6766
   1119    2678     566    6298
   1121    2374     567    6357
   1124    2353     568    6056
   1126    2206     569    5394
   1128    2097     570    4912
   1129    1955     571    4403
   1131    1889     572    3800
   1133    1837     573    3259
   1135    1590     574    2695
   1138    1565     575    2314
   1140    1422     576    1741
   1142    1370     577    1430
   1144    1342     578    1179
   1146    1248     579     911
   1148    1247     580     748
   1150    1194     581     632
   1152    1145     582     572
   1154    1194     583     503
   1156    1158     584     455
   1158    1219     585     443
   1160    1220     586     438
   1162    1293     587     389
   1164    1321     588     422
   1166    1383     589     413
   1168    1335     590     376
   1170    1380     591     429
   1172    1316     592     380
   1174    1345     593     384
   1176    1336     594     386
   1178    1341     595     367
   1180    1348     596     416
   1182    1355     597     366
   1184    1229     598     375
   1186    1142     599     353
   1188    1127     600     392
   1189    1109     601     336
   1194     941     603     336
   1199     840     606     336
   1204     807     608     303
   1209     807     610     269
   1214     908     613     269
   1219    1009     615     269
   1224     908     618     303
   1229     840     620     336
   1234     874     623     269
   1239     807     625     269
   1244     740     628     235
   1249     605     630     235
   1254     605     633     303
   1259     571     635     269
   1264     538     638     303
   1269     571     640     269
   1274     605     643     269
   1279     571     645     235
   1284     504     648     235
   1289     538     650     235
   1294     504     652     235
   1299     504     655     235
   1304     605     657     303
   1309     605     660     303
   1314     538     662     303
   1319     504     665     235
   1324     740     667     168
   1329     773     670     134
   1334     639     672     134
   1339     639     675     168
   1344     639     677     168
   1349     571     680     202
   1354     437     682     202
   1359     403     685     168
   1364     403     687     202
   1369     471     690     202
   1374     471     692     202
   1379     504     695     202
   1384     605     697     202
   1389     571     700     202
   1394     471     702     202
   1399     471     704     168
   1404     471     707     202
   1409     370     709     134
   1414     336     712     134
   1419     437     714     168
   1424     437     717     202
   1429     471     719     235
   1434     471     722     235
   1439     538     724     168
   1444     471     727     168
   1449     437     729     168
   1454     336     732     202
   1459     370     734     202
   1464     437     737     202
   1469     437     739     235
   1474     403     742     202
   1479     336     744     168
   1484     336     747     134
   1489     403     749     134
   1494     403     752     134
   1499     269     754     101
   1504     303     757     101
   1509     336     759    67,2
   1514     235     761     134
   1519     303     764     168
   1524     471     766     168
   1529     605     769     168
   1534     807     771     168
   1539     874     774     168
   1544     773     776     168
   1549     639     779     134
   1554     437     781     101
   1559     235     784     101
   1564     336     786     101
   1569     303     789     101
   1574     168     791     134
   1579     235     794     101
   1584     303     796     101
   1589     235     799     101
   1594     269     801     134
   1599     269     804     134
   1604     235     806    67,2
   1609     202     809    67,2
   1614     134     811     101
   1619     202     813     101
   1624     235     816     101
   1629     202     818     101
   1634     202     821    67,2
   1639     168     823     101
   1644     202     826     101
   1649     269     828     168
   1654     303     831     235
   1659     235     833     336
   1664     235     836     403
   1669     303     838     403
   1674     303     841     370
   1679     202     843     235
   1684     101     846     235
   1689     101     848     168
   1694     101     851     134
   1699    67,2     853     134
   1704     134     856     101
   1709     202     858    33,6
   1714     168     861    67,2
   1719     202     863     101
   1724     134     866     101
   1729     134     868    67,2
   1734     202     870     101
   1739     202     873    67,2
   1744     134     875     101
   1749     101     878     101
   1754     101     880    67,2
   1759     134     883    33,6
   1764     134     885    33,6
   1769     134     888    67,2
   1774     168     890    67,2
   1779     168     893    67,2
   1784     101     895    67,2
   1789    67,2     898     101
   1794    67,2     900     101
   1799     101     903    67,2
   1804    33,6     905    67,2
   1809    67,2     908    33,6
   1814    33,6     910    33,6
   1819    33,6     913     0,0
   1824     101     915    33,6
   1829     134     918    67,2
   1834    67,2     920     101
   1839     101     923     101
   1844    67,2     925    67,2
   1849     134     928    33,6
   1854     134     930    33,6
   1859    33,6     933    33,6
   1864    67,2     935    67,2
   1869     101     937    33,6
   1874    67,2     940    33,6
   1879    33,6     942    33,6
   1884    67,2     945    33,6
   1889     101     947     0,0
   1894     101     950    33,6
   1899     101     952    67,2
   1904    67,2     955    67,2
   1909    67,2     957    67,2
   1914     168     960    33,6
   1919     134     962    33,6
   1924     168     965    33,6
   1929     168     967    33,6
   1934     168     970    67,2
   1939     202     972    67,2
   1944     134     975    33,6
   1949    67,2     977    67,2
   1954    67,2     980    67,2
   1959     101     982    33,6
   1964     134     985     0,0
   1969    67,2     987    33,6
   1974    67,2     990    33,6
   1979     101     992    33,6
   1984     101     995    67,2
   1989    67,2     997    67,2
   1994     168    1000    67,2
   1999     235    1002    33,6
   2004    67,2    1005     0,0
   2009    67,2    1007    33,6
   2014    67,2    1010    33,6
   2019    67,2    1012    33,6
   2024    67,2    1015    33,6
   2029     101    1017    33,6
   2034    33,6    1020    33,6
   2039     101    1022    67,2
   2044     101    1025    67,2
   2049    33,6    1027    33,6
   2054     134    1030     0,0
   2059     168    1032     0,0
   2064    67,2    1034     0,0
   2069     101    1037     0,0
   2074    67,2    1039    33,6
   2079     101    1042    67,2
   2084    67,2    1044    33,6
   2089    33,6    1047     0,0
   2094    67,2    1049    33,6
   2099     0,0    1052    33,6
   2104    67,2    1054    33,6
   2109    67,2    1057    33,6
   2114    33,6    1059    67,2
   2119     168    1062    33,6
   2124     101    1064    33,6
   2129    33,6    1067     0,0
   2134    67,2    1069    33,6
   2139    33,6    1072     0,0
   2144    67,2    1074     0,0
   2149    33,6    1077    33,6
   2154    67,2    1079    33,6
   2159    33,6    1082    33,6
   2164    33,6    1084    33,6
   2169    67,2    1087    33,6
   2174     101    1089     0,0
   2179     101    1092    33,6
   2184    33,6    1094    67,2
   2189     0,0    1097     0,0
   2194    33,6    1099    33,6
   2199    67,2    1102    33,6
   2204    33,6    1104    33,6
   2209     101    1107    33,6
   2214     101    1109     0,0
   2219    33,6    1112     0,0
   2224    67,2    1114     0,0
   2229    67,2    1117    33,6
   2234    67,2    1119    33,6
   2239     134    1122    33,6
   2244    67,2    1124     0,0
   2249     101    1127    33,6
   2254     0,0    1129    33,6
   2259    33,6    1131    33,6
   2264     101    1134     0,0
   2269    33,6    1136    33,6
   2274    33,6    1139    33,6
   2279     101    1141     0,0
   2284     101    1144    33,6
   2289    33,6    1146    67,2
   2294     134    1149     0,0
   2299    33,6    1151     0,0
   2304    33,6    1154    33,6
   2309     0,0    1156    33,6
   2314    33,6    1159    33,6
   2319    33,6    1161    33,6
   2324    67,2    1164     0,0
   2329     0,0    1166    33,6
   2334    33,6    1169    33,6
   2339    67,2    1171     0,0
   2344    33,6    1174    67,2
   2349    67,2    1176    67,2
   2354    33,6    1179    33,6
   2359    33,6    1181     0,0
   2364     0,0    1184    33,6
   2369    67,2    1186    33,6
   2374    33,6    1189    33,6
   2379     0,0    1191     0,0
   2384     101    1194     0,0
   2389    67,2    1196    33,6
   2394     101    1199    33,6
   2399     0,0    1201     0,0
   2404     0,0    1204     0,0
   2409    67,2    1206    67,2
   2414     0,0    1209     0,0
   2419    67,2    1211    33,6
   2424    33,6    1214     0,0
   2429    33,6    1216     0,0
   2434    33,6    1218    33,6
   2439    33,6    1221     0,0
   2444    67,2    1223     0,0
   2449     0,0    1226    33,6
   2454    33,6    1229    33,6
   2459     0,0    1231     0,0
   2464     101    1234     0,0
   2469    33,6    1236    33,6
   2474     101    1238     0,0
   2479    33,6    1241    33,6
   2484    67,2    1243     0,0
   2489    67,2    1246     0,0
   2494     0,0    1248     0,0
   2499     0,0    1251    33,6
   2504    33,6    1253    33,6
   2509     0,0    1256     0,0
   2514    33,6    1258    33,6
   2519     0,0    1261    33,6
   2524    33,6    1263     0,0
   2529    67,2    1266     0,0
   2534     0,0    1268     0,0
   2539     101    1271    67,2
   2544    33,6    1273    33,6
   2549     0,0    1276    33,6
   2554     0,0    1278     0,0
   2559     0,0    1281    33,6
   2564    67,2    1283     0,0
   2569    33,6    1286    33,6
   2574    67,2    1288     0,0
   2579    33,6    1291     0,0
   2584     0,0    1293     0,0
   2589     0,0    1296     0,0
   2594    33,6    1298     0,0
   2599    67,2    1301     0,0
   2604    67,2    1303     0,0
   2609    67,2    1306    67,2
   2614    33,6    1308     0,0
   2619     0,0    1311     0,0
   2624     0,0    1313    33,6
   2629    33,6    1316     0,0
   2634    33,6    1318     0,0
   2639    33,6    1321    33,6
   2644     0,0    1323     0,0
   2649     0,0    1326     0,0
   2654    33,6    1328     0,0
   2659     0,0    1331    33,6
   2664     0,0    1333     0,0
   2669    33,6    1336     0,0
   2674    33,6    1338     0,0
   2679     0,0    1340    67,2
   2684    67,2    1343    33,6
   2689    33,6    1345     0,0
   2694    33,6    1348     0,0
   2699    33,6    1351    33,6
   2704     0,0    1353     0,0
   2709     0,0    1356     0,0
   2714    33,6    1358    33,6
   2719     0,0    1360    67,2
   2724    67,2    1363     0,0
   2729     0,0    1365     0,0
   2734    33,6    1368    33,6
   2739     0,0    1370     0,0
   2744     0,0    1373     0,0
   2749    33,6    1375    33,6
   2754     0,0    1378     0,0
   2759    33,6    1380     0,0
   2764    33,6    1383     0,0
   2769     0,0    1385     0,0
   2774     0,0    1388    33,6
   2779    67,2    1390    33,6
   2784     134    1393    33,6
   2789     0,0    1395     0,0
   2794     0,0    1398     0,0
   2799     0,0    1400     0,0
   2804     0,0    1403     0,0
   2809    33,6    1405     0,0
   2814    33,6    1408    67,2
   2819     0,0    1410     0,0
   2824    33,6    1413     0,0
   2829     0,0    1415     0,0
   2834     0,0    1418     0,0
   2839    33,6    1420     0,0
   2844     0,0    1422     0,0
   2849    33,6    1425    33,6
   2854     0,0    1427     0,0
   2859     0,0    1430     0,0
   2864     0,0    1432     0,0
   2869     0,0    1435     0,0
   2874     0,0    1437     0,0
   2879     0,0    1440     0,0
   2884     0,0    1442    33,6
   2889     0,0    1445     0,0
   2894     0,0    1447    33,6
   2899     0,0    1450     0,0
   2904     0,0    1452    33,6
   2909     0,0    1455     0,0
   2914    33,6    1457     0,0
   2919     0,0    1460     0,0
   2924    67,2    1462     0,0
   2929     0,0    1465     0,0
   2934     0,0    1467    33,6
   2939     0,0    1470     0,0
   2944    33,6    1472    67,2
   2949    67,2    1475    67,2
   2954     0,0    1477     0,0
   2959     0,0    1480    33,6
   2964     0,0    1482     0,0
   2969     101    1485     0,0
   2974    33,6    1487     0,0
   2979     0,0    1490     0,0
   2984     0,0    1492     0,0
   2989     0,0    1495    33,6
   2994    33,6    1498    33,6
   2999     0,0    1500     0,0
   3004    33,6    1502     0,0
   3009     0,0    1505     0,0
   3014     0,0    1508     0,0
   3019     0,0    1510     0,0
   3024     0,0    1512    33,6
   3029     0,0    1515     0,0
   3034     0,0    1518     0,0
   3039     0,0    1520    33,6
   3044    33,6    1522    33,6
   3049    33,6    1525     0,0
   3054     0,0    1528     0,0
   3059    33,6    1530     0,0
   3064     0,0    1533     0,0
   3069     0,0    1535     0,0
   3074     0,0    1538     0,0
   3079     0,0    1540     0,0
   3084     0,0    1543     0,0
   3089    33,6    1545     0,0
   3094     0,0    1548     0,0
   3099     0,0    1550    33,6
   3104     0,0    1553     0,0
   3109     0,0    1555     0,0
   3114     0,0    1558     0,0
   3119     0,0    1560     0,0
   3124     0,0    1563     0,0
   3129     0,0    1565     0,0
   3134     0,0    1568     0,0
   3139     0,0    1570     0,0
   3144    67,2    1573    33,6
   3149    33,6    1575     0,0
