01.01.2007   N1106
Образец: "Co"
LiF200
Трубка: "40,0/0,100"
        Отр1            Отр2
   [мА]  [Имп/с]   [мА]  [Имп/с]
    834    1783     425     135
    839    1514     427     101
    844    1413     430     101
    849    1413     432    67,3
    854    1480     435    67,3
    859    1480     437    67,3
    864    1447     440    67,3
    869    1447     442    67,3
    874    1312     445    67,3
    879    1379     447    67,3
    884    1379     450    67,3
    889    1447     452    67,3
    894    1413     455    67,3
    899    1447     457    67,3
    904    1480     460    67,3
    909    1480     462    67,3
    914    1514     465    67,3
    919    1514     467    67,3
    924    1447     469    67,3
    929    1379     472     101
    934    1346     474     101
    939    1413     477     101
    944    1413     479     101
    949    1447     482     135
    954    1615     484     168
    959    1615     487     168
    964    1581     489     168
    969    1548     492     168
    974    1447     494     168
    979    1379     497     135
    984    1413     499     135
    989    1480     502     135
    994    1514     504     135
    999    1548     507     135
   1004    1480     509     135
   1009    1447     511     101
   1014    1346     514    67,3
   1019    1413     516    67,3
   1024    1346     519    67,3
   1029    1278     521    67,3
   1034    1245     524    67,3
   1039    1312     526     101
   1044    1312     529     101
   1049    1211     531     135
   1054    1178     534     135
   1059    1077     536     101
   1064    1110     538     101
   1069    1144     541     101
   1074    1110     543     101
   1079    1043     546     101
   1084    1043     548     101
   1089     976     551     101
   1094    1077     553     135
   1099    1043     556     135
   1104    1009     558     135
   1109     942     561     168
   1114     875     563     168
   1119     942     566     168
   1124     976     568     168
   1129    1009     571     168
   1134    1009     573     168
   1139     976     576     168
   1144    1043     578     168
   1149    1009     581     135
   1154     942     583     135
   1159     908     586     135
   1164     942     588     135
   1169     976     591     202
   1174    1009     593     202
   1179     875     596     202
   1184     841     598     168
   1189     807     601     101
   1194     774     603     101
   1199     774     606     101
   1204     673     608     101
   1209     673     610     101
   1214     673     613     101
   1219     707     615     101
   1224     673     618     101
   1229     673     620     101
   1234     740     623     101
   1239     740     625     101
   1244     707     628     101
   1249     673     630    67,3
   1254     707     633    67,3
   1259     774     635    67,3
   1264     707     638     101
   1269     673     640     101
   1274     707     643     101
   1279     707     645    67,3
   1284     707     648    33,6
   1289     606     650    67,3
   1294     639     652     101
   1299     740     655     101
   1304     707     657     135
   1309     673     660     101
   1314     673     662    67,3
   1319     774     665    33,6
   1324     606     667    67,3
   1329     437     670    67,3
   1334     437     672    33,6
   1339     505     675    33,6
   1344     505     677    67,3
   1349     437     680    67,3
   1354     404     682    67,3
   1359     404     685     101
   1364     505     687    67,3
   1369     437     690     101
   1374     538     692    67,3
   1379     639     695    33,6
   1384     673     697    67,3
   1389     538     700    67,3
   1394     673     702    33,6
   1399     673     704    67,3
   1404     572     707    67,3
   1409     606     709    67,3
   1414     639     712    67,3
   1419     639     714     101
   1424     740     717     101
   1429     976     719     101
   1434    1211     722    67,3
   1439    1144     724    67,3
   1444     942     727    67,3
   1449     774     729    67,3
   1454     774     732    67,3
   1459     606     734    67,3
   1464     437     737    67,3
   1469     505     739    67,3
   1474     538     742    67,3
   1479     505     744    67,3
   1484     471     747     101
   1489     471     749     101
   1494     437     752    67,3
   1499     505     754    67,3
   1504     471     757    33,6
   1509     336     759    33,6
   1514     437     761    33,6
   1519     606     764    67,3
   1524     538     766    67,3
   1529     505     769    33,6
   1534     538     771    33,6
   1539     572     774    33,6
   1544     673     776    33,6
   1549     639     779    33,6
   1550     535     779    50,0
   1551     520     780    44,0
   1552     514     780    41,0
   1553     488     781    49,0
   1554     487     781    52,0
   1555     453     782    45,0
   1556     425     782    37,0
   1557     419     783    41,0
   1558     405     783    42,0
   1559     416     784    63,0
   1560     392     784    39,0
   1561     394     785    56,0
   1562     403     785    55,0
   1563     383     786    46,0
   1564     393     786    54,0
   1565     374     787    43,0
   1566     377     787    40,0
   1567     387     788    47,0
   1568     382     788    36,0
   1569     399     789    39,0
   1570     395     789    48,0
   1571     392     790    54,0
   1572     384     790    50,0
   1573     402     791    37,0
   1574     437     791    47,0
   1575     399     792    52,0
   1576     414     792    47,0
   1577     418     793    51,0
   1578     416     793    47,0
   1579     390     794    39,0
   1580     379     794    32,0
   1581     425     795    38,0
   1582     413     795    42,0
   1583     392     796    47,0
   1584     427     796    34,0
   1585     468     797    39,0
   1586     479     797    41,0
   1587     462     798    46,0
   1588     462     798    32,0
   1589     548     799    48,0
   1590     611     799    41,0
   1591     644     800    38,0
   1592     762     800    44,0
   1593     865     801    39,0
   1594    1024     801    28,0
   1595    1181     802    48,0
   1596    1443     802    46,0
   1597    1722     803    40,0
   1598    2125     803    46,0
   1599    2578     804    41,0
   1600    3303     804    34,0
   1601    4117     805    49,0
   1602    5341     805    58,0
   1603    6763     806    52,0
   1604    9373     806    58,0
   1605   12939     807    69,0
   1606   16930     807    93,0
   1607   22280     808     135
   1608   27995     808     199
   1609   33435     809     284
   1610   39354     809     351
   1611   45952     810     462
   1612   51626     810     581
   1613   56679     811     636
   1614   61440     811     787
   1615   66262     812     867
   1616   69221     812     917
   1617   71370     812    1001
   1618   72914     813    1019
   1619   73239     813    1023
   1620   73594     814    1071
   1621   72446     814    1029
   1622   71223     815    1027
   1623   68923     815     937
   1624   66842     816     885
   1625   64326     816     743
   1626   60873     817     711
   1627   56397     817     649
   1628   52070     818     530
   1629   46483     818     418
   1630   40731     819     349
   1631   34776     819     312
   1632   28722     820     191
   1633   23650     820     133
   1634   18406     821     113
   1635   13980     821    76,0
   1636   10819     822    56,0
   1637    8546     822    45,0
   1638    6788     823    44,0
   1639    5728     823    43,0
   1640    4922     824    42,0
   1641    4135     824    45,0
   1642    3745     825    38,0
   1643    3355     825    30,0
   1644    3108     826    46,0
   1645    2850     826    29,0
   1646    2676     827    37,0
   1647    2571     827    41,0
   1648    2380     828    38,0
   1649    2348     828    40,0
   1650    2301     829    37,0
   1651    2196     829    38,0
   1652    2199     830    33,0
   1653    2086     830    45,0
   1654    2047     831    39,0
   1655    1973     831    38,0
   1656    1932     832    32,0
   1657    1891     832    28,0
   1658    1853     833    37,0
   1659    1772     833    41,0
   1660    1678     834    39,0
   1661    1652     834    42,0
   1662    1653     835    56,0
   1663    1565     835    34,0
   1664    1565     836    37,0
   1665    1425     836    51,0
   1666    1537     837    38,0
   1667    1419     837    44,0
   1668    1332     838    51,0
   1669    1282     838    38,0
   1670    1239     839    33,0
   1671    1279     839    37,0
   1672    1210     840    44,0
   1673    1166     840    42,0
   1674    1206     841    34,0
   1675    1183     841    48,0
   1676    1098     842    35,0
   1677    1072     842    53,0
   1678    1148     843    33,0
   1679    1058     843    37,0
   1680    1066     844    40,0
   1681    1042     844    42,0
   1682    1049     845    38,0
   1683     994     845    32,0
   1684    1038     846    43,0
   1685    1034     846    27,0
   1686     939     847    41,0
   1687     906     847    37,0
   1688     903     848    31,0
   1689     966     848    43,0
   1690     911     849    37,0
   1691     841     849    38,0
   1692     941     850    43,0
   1693     859     850    35,0
   1694     866     851    35,0
   1695     923     851    23,0
   1696     817     852    26,0
   1697     890     852    38,0
   1698     867     853    25,0
   1699     845     853    31,0
   1700     808     854    43,0
   1701     805     854    43,0
   1702     818     855    37,0
   1703     793     855    40,0
   1704     794     856    32,0
   1705     824     856    31,0
   1706     813     857    23,0
   1707     820     857    31,0
   1708     849     858    40,0
   1709     809     858    22,0
   1710     803     859    35,0
   1711     806     859    39,0
   1712     791     860    28,0
   1713     760     860    30,0
   1714     772     861    23,0
   1715     791     861    41,0
   1716     796     862    28,0
   1717     813     862    32,0
   1718     863     863    33,0
   1719     817     863    35,0
   1720     819     864    32,0
   1721     802     864    36,0
   1722     813     865    28,0
   1723     828     865    28,0
   1724     801     866    44,0
   1725     852     866    28,0
   1726     818     866    36,0
   1727     859     867    29,0
   1728     829     867    35,0
   1729     786     868    32,0
   1730     833     868    32,0
   1731     873     869    29,0
   1732     829     869    35,0
   1733     832     870    39,0
   1734     838     870    33,0
   1735     792     871    40,0
   1736     877     871    34,0
   1737     910     872    35,0
   1738     920     872    32,0
   1739     860     873    38,0
   1740     895     873    37,0
   1741     898     874    39,0
   1742     964     874    28,0
   1743     973     875    33,0
   1744     960     875    27,0
   1745    1060     876    39,0
   1746    1059     876    41,0
   1747    1094     877    33,0
   1748    1092     877    27,0
   1749    1124     878    33,0
   1750    1165     878    39,0
   1751    1237     879    24,0
   1752    1285     879    24,0
   1753    1300     880    33,0
   1754    1343     880    41,0
   1755    1427     881    36,0
   1756    1467     881    29,0
   1757    1505     882    29,0
   1758    1545     882    36,0
   1759    1667     883    38,0
   1760    1649     883    27,0
   1761    1734     884    29,0
   1762    1855     884    27,0
   1763    2128     885    28,0
   1764    2301     885    38,0
   1765    2530     886    30,0
   1766    2957     886    35,0
   1767    3459     887    34,0
   1768    4157     887    32,0
   1769    5285     888    39,0
   1770    6894     888    33,0
   1771    9057     889    46,0
   1772   13114     889    62,0
   1773   19287     890     110
   1774   29862     890     210
   1775   45841     891     443
   1776   65621     891     897
   1777   89203     892    1638
   1778  117092     892    2766
   1779  140411     893    3974
   1780  171047     893    5909
   1781  199189     894    8146
   1782  226100     894   10684
   1783  249082     895   12708
   1784  268472     895   14744
   1785  283740     896   16707
   1786  293934     896   17709
   1787  302007     897   18508
   1788  304432     897   19176
   1789  305000     898   18947
   1790  302847     898   18745
   1791  296334     899   18963
   1792  288449     899   17631
   1793  279054     900   16481
   1794  265902     900   14912
   1795  249148     901   12965
   1796  230110     901   10989
   1797  207748     902    8732
   1798  183623     902    6908
   1799  156052     903    4941
   1800  130924     903    3379
   1801  105451     904    2160
   1802   82376     904    1292
   1803   62620     905     706
   1804   46714     905     417
   1805   34270     906     256
   1806   24637     906     140
   1807   18243     907    86,0
   1808   13282     907    58,0
   1809    9838     908    56,0
   1810    7812     908    53,0
   1811    6022     909    22,0
   1812    4901     909    27,0
   1813    3931     910    27,0
   1814    3441     910    24,0
   1815    2902     911    33,0
   1816    2625     911    33,0
   1817    2401     912    26,0
   1818    2147     912    28,0
   1819    2035     913    27,0
   1820    1898     913    35,0
   1821    1829     914    26,0
   1822    1738     914    30,0
   1823    1544     915    27,0
   1824    1574     915    29,0
   1825    1518     916    30,0
   1826    1409     916    27,0
   1827    1398     917    24,0
   1828    1256     917    33,0
   1829    1255     918    27,0
   1830    1194     918    20,0
   1831    1200     919    27,0
   1832    1127     919    25,0
   1833    1129     920    31,0
   1834    1097     920    25,0
   1835    1092     921    26,0
   1836    1008     921    24,0
   1837    1022     922    26,0
   1838     971     922    23,0
   1839     982     923    23,0
   1840     858     923    21,0
   1841     893     924    31,0
   1842     888     924    25,0
   1843     797     925    33,0
   1844     813     925    17,0
   1845     861     926    22,0
   1846     806     926    30,0
   1847     811     927    28,0
   1848     759     927    23,0
   1849     752     928    27,0
   1850     732     928    33,0
   1854     505     930    33,6
   1859     471     933    33,6
   1864     538     935    33,6
   1869     505     937     0,0
   1874     471     940    33,6
   1879     437     942    33,6
   1884     437     945    33,6
   1889     538     947     0,0
   1894     336     950     0,0
   1899     202     952    33,6
   1904     303     955    67,3
   1909     303     957    33,6
   1914     236     960    33,6
   1919     336     962     0,0
   1924     538     965    33,6
   1929     707     967    67,3
   1934     774     970    33,6
   1939     942     972    33,6
   1944     673     975    33,6
   1949     336     977    33,6
   1954     236     980    33,6
   1959     236     982    33,6
   1964     404     985    33,6
   1969     269     987     0,0
   1974     135     990     0,0
   1979     135     992     0,0
   1984     269     995    33,6
   1989     202     997    33,6
   1994     168    1000     0,0
   1999    67,3    1002    33,6
   2004     236    1005     0,0
   2009     168    1007     0,0
   2014     168    1010    33,6
   2019     236    1012    33,6
   2024     202    1015    33,6
   2029     269    1017    33,6
   2034     135    1020     0,0
   2039    33,6    1022    33,6
   2044     168    1025    33,6
   2049     370    1027     0,0
   2054     168    1030    67,3
   2059     168    1032    67,3
   2064    67,3    1034    33,6
   2069     135    1037     0,0
   2074     168    1039     0,0
   2079     101    1042     0,0
   2084     168    1044    33,6
   2089     168    1047    33,6
   2094     101    1049     0,0
   2099     101    1052     0,0
   2104     135    1054    33,6
   2109    67,3    1057    67,3
   2114     168    1059     0,0
   2119     101    1062     0,0
   2124    33,6    1064     0,0
   2129     135    1067    33,6
   2134     303    1069    33,6
   2139     168    1072    33,6
   2144     101    1074    33,6
   2149     168    1077    33,6
   2154     168    1079    33,6
   2159    67,3    1082    33,6
   2164     168    1084    67,3
   2169     168    1087     0,0
   2174    67,3    1089     0,0
   2179    67,3    1092     0,0
   2184     202    1094     0,0
   2189     101    1097     0,0
   2194    67,3    1099     0,0
   2199     101    1102     0,0
   2204     135    1104     0,0
   2209     135    1107     0,0
   2214    67,3    1109     0,0
   2219     202    1112     0,0
   2224     135    1114     0,0
   2229    33,6    1117     0,0
   2234     101    1119     0,0
   2239     101    1122     0,0
   2244    67,3    1124     0,0
   2249     168    1127     0,0
   2254     101    1129    33,6
   2259     168    1131     0,0
   2264     101    1134     0,0
   2269     168    1136     0,0
   2274     135    1139     0,0
   2279     101    1141     0,0
   2284     168    1144     0,0
   2289     135    1146    33,6
   2294     101    1149    33,6
   2299     101    1151     0,0
   2304    33,6    1154     0,0
   2309     101    1156     0,0
   2314    67,3    1159     0,0
   2319    67,3    1161     0,0
   2324    67,3    1164    33,6
   2329    33,6    1166     0,0
   2334    33,6    1169     0,0
   2339     236    1171    33,6
   2344     135    1174     0,0
   2349     101    1176     0,0
   2354     101    1179    33,6
   2359     101    1181    33,6
   2364     135    1184    33,6
   2369    67,3    1186    33,6
   2374    67,3    1189     0,0
   2379     101    1191     0,0
   2384    33,6    1194     0,0
   2389    67,3    1196     0,0
   2394    33,6    1199    33,6
   2399     168    1201     0,0
   2404     0,0    1204    33,6
   2409     269    1206     0,0
   2414    67,3    1209     0,0
   2419     101    1211     0,0
   2424    67,3    1214     0,0
   2429     135    1216     0,0
   2434    67,3    1218     0,0
   2439    67,3    1221     0,0
   2444     135    1223     0,0
   2449    67,3    1226    33,6
   2454     135    1229     0,0
   2459    33,6    1231     0,0
   2464    33,6    1234     0,0
   2469     135    1236    33,6
   2474     135    1238     0,0
   2479     101    1241     0,0
   2484    67,3    1243     0,0
   2489    33,6    1246     0,0
   2494    67,3    1248    33,6
   2499     135    1251     0,0
   2504    67,3    1253    33,6
   2509    33,6    1256     0,0
   2514    33,6    1258     0,0
   2519     101    1261    33,6
   2524    67,3    1263     0,0
   2529     101    1266     0,0
   2534    67,3    1268     0,0
   2539    33,6    1271    33,6
   2544     101    1273     0,0
   2549     0,0    1276     0,0
   2554    67,3    1278    33,6
   2559    33,6    1281     0,0
   2564    67,3    1283     0,0
   2569     101    1286     0,0
   2574     101    1288    33,6
   2579    33,6    1291     0,0
   2584     135    1293     0,0
   2589    67,3    1296    33,6
   2594     0,0    1298    33,6
   2599    33,6    1301     0,0
   2604    33,6    1303     0,0
   2609    33,6    1306     0,0
   2614    67,3    1308     0,0
   2619     0,0    1311    67,3
   2624     0,0    1313     0,0
   2629    33,6    1316     0,0
   2634    33,6    1318     0,0
   2639    33,6    1321     0,0
   2644     135    1323     0,0
   2649    33,6    1326     0,0
   2654    33,6    1328     0,0
   2659    33,6    1331     0,0
   2664     0,0    1333     0,0
   2669    33,6    1336     0,0
   2674    33,6    1338    33,6
   2679    33,6    1340    33,6
   2684    33,6    1343    33,6
   2689     168    1345     0,0
   2694    33,6    1348    33,6
   2699    33,6    1351    33,6
   2704    67,3    1353     0,0
   2709     0,0    1356     0,0
   2714     0,0    1358     0,0
   2719    67,3    1360     0,0
   2724    33,6    1363     0,0
   2729    33,6    1365     0,0
   2734    33,6    1368     0,0
   2739     0,0    1370    33,6
   2744    33,6    1373    33,6
   2749    33,6    1375    33,6
   2754    33,6    1378     0,0
   2759    33,6    1380    33,6
   2764    67,3    1383     0,0
   2769     0,0    1385     0,0
   2774    67,3    1388    33,6
   2779     0,0    1390    33,6
   2784    67,3    1393     0,0
   2789     0,0    1395    33,6
   2794     135    1398    33,6
   2799    67,3    1400    67,3
   2804     0,0    1403    67,3
   2809     0,0    1405     0,0
   2814    33,6    1408    33,6
   2819    33,6    1410    33,6
   2824    33,6    1413     0,0
   2829    33,6    1415     101
   2834    67,3    1418     0,0
   2839     0,0    1420     0,0
   2844     0,0    1422     0,0
   2849    33,6    1425     0,0
   2854    33,6    1427     0,0
   2859     0,0    1430    33,6
   2864    33,6    1432     0,0
   2869     0,0    1435    33,6
   2874    33,6    1437     0,0
   2879     0,0    1440     0,0
   2884     0,0    1442     0,0
   2889     101    1445    67,3
   2894    33,6    1447     0,0
   2899    67,3    1450     0,0
   2904    67,3    1452    33,6
   2909     0,0    1455     0,0
   2914     0,0    1457     0,0
   2919    33,6    1460     0,0
   2924     0,0    1462    33,6
   2929     0,0    1465     0,0
   2934     0,0    1467    33,6
   2939     0,0    1470     0,0
   2944    67,3    1472    33,6
   2949     0,0    1475    67,3
   2954    33,6    1477     0,0
   2959     0,0    1480     0,0
   2964     0,0    1482     0,0
   2969     0,0    1485    33,6
   2974     0,0    1487     0,0
   2979     0,0    1490     0,0
   2984    33,6    1492    67,3
   2989     0,0    1495     0,0
   2994    33,6    1498     0,0
   2999     0,0    1500     0,0
   3004     0,0    1502     0,0
   3009     0,0    1505    33,6
   3014    33,6    1508     0,0
   3019     0,0    1510    67,3
   3024     0,0    1512     0,0
   3029    33,6    1515     0,0
   3034     0,0    1518    33,6
   3039     0,0    1520     0,0
   3044     0,0    1522     0,0
   3049     0,0    1525     0,0
   3054     0,0    1528    33,6
   3059     0,0    1530     0,0
   3064     0,0    1533    33,6
   3069     0,0    1535    33,6
   3074     0,0    1538     0,0
   3079     0,0    1540     0,0
   3084    33,6    1543    33,6
   3089     0,0    1545     0,0
   3094     0,0    1548     0,0
   3099     0,0    1550     0,0
   3104     0,0    1553     0,0
   3109     0,0    1555     0,0
   3114     0,0    1558    33,6
   3119     0,0    1560     0,0
   3124     0,0    1563     0,0
   3129    33,6    1565    33,6
   3134     336    1568     336
   3139     505    1570     606
   3144     774    1573     236
   3149     404    1575     0,0
