01.01.2007   N1106
Образец: "Hg"
LiF200
Трубка: "40,0/0,100"
        Отр1            Отр2
   [мА]  [Имп/с]   [мА]  [Имп/с]
    834    9441     425     134
    839    9441     427     202
    844    9810     430     202
    849    9172     432     168
    854    8668     435     168
    859    8433     437     168
    864    8668     440     168
    869    8970     442     202
    874    9676     445     202
    879   10482     447     168
    884   10180     450     202
    889    9810     452     202
    894    9710     455     202
    899    9441     457     202
    904    9441     460     202
    909    9676     462     202
    914    9474     465     202
    919    9138     467     202
    924    8702     469     235
    929    8265     472     235
    934    7828     474     269
    939    7963     477     302
    944    7862     479     302
    949    7727     482     302
    954    7660     484     302
    959    7694     487     302
    964    7627     489     302
    969    7526     492     302
    974    7694     494     302
    979    7694     497     336
    984    7694     499     336
    989    7660     502     370
    994    7727     504     370
    999    7929     507     370
   1004    8231     509     370
   1009    8735     511     336
   1014    9575     514     370
   1019   10415     516     370
   1024   11356     519     370
   1029   12565     521     403
   1034   13876     524     437
   1039   15287     526     470
   1044   15992     529     504
   1049   15791     531     470
   1054   14413     534     470
   1059   12465     536     437
   1064   10247     538     437
   1069    8534     541     437
   1074    7425     543     403
   1079    6887     546     403
   1084    6518     548     403
   1089    6115     551     437
   1094    6014     553     403
   1099    5980     556     437
   1104    6047     558     470
   1109    5779     561     538
   1114    5577     563     538
   1119    5409     566     571
   1124    5308     568     571
   1129    5376     571     571
   1134    5140     573     538
   1139    5040     576     538
   1144    5006     578     571
   1149    5073     581     605
   1154    5409     583     638
   1159    5275     586     739
   1164    5208     588     840
   1169    4972     591     874
   1174    4838     593     974
   1179    5040     596     974
   1184    4804     598     974
   1189    4804     601     941
   1194    4737     603     874
   1199    4670     606     806
   1204    4670     608     806
   1209    4468     610     773
   1214    4972     613     739
   1219    5745     615     672
   1224    6753     618     605
   1229    7895     620     571
   1230    8283     621     574
   1231    8589     621     511
   1232    9032     622     528
   1233    9430     622     533
   1234    9756     623     493
   1235   10035     623     526
   1236   10492     624     502
   1237   10562     624     500
   1238   10659     625     474
   1239   10814     625     465
   1240   10846     626     459
   1241   10947     626     460
   1242   11031     627     463
   1243   10888     627     493
   1244   10948     628     449
   1245   10765     628     491
   1246   10600     629     380
   1247   10345     629     478
   1248   10267     630     481
   1249    9982     630     468
   1250    9728     631     447
   1254    6988     633     470
   1259    4838     635     403
   1264    3796     638     336
   1269    3561     640     302
   1274    3293     643     336
   1279    3360     645     370
   1284    3796     648     403
   1289    3696     650     437
   1294    3293     652     403
   1299    3125     655     302
   1304    3091     657     269
   1309    2957     660     336
   1314    2822     662     336
   1319    2822     665     370
   1324    2688     667     403
   1329    2453     670     370
   1334    2217     672     370
   1339    2352     675     336
   1344    2385     677     370
   1349    2318     680     336
   1354    2251     682     370
   1359    2251     685     336
   1364    2285     687     302
   1369    2184     690     302
   1374    2352     692     302
   1379    2318     695     336
   1384    2486     697     403
   1389    2318     700     437
   1394    2419     702     403
   1399    2251     704     403
   1404    2251     707     403
   1409    2419     709     403
   1414    2385     712     403
   1419    2217     714     370
   1424    2251     717     336
   1429    2520     719     336
   1434    2251     722     370
   1439    2184     724     403
   1444    2016     727     336
   1449    1881     729     269
   1454    1646     732     202
   1459    1814     734     235
   1464    1814     737     302
   1469    1747     739     403
   1474    1713     742     437
   1479    1747     744     437
   1484    1613     747     403
   1489    1680     749     370
   1494    1445     752     336
   1499    1344     754     302
   1504    1377     757     302
   1509    1377     759     336
   1514    1109     761     370
   1519    1243     764     370
   1524    1781     766     336
   1529    2453     769     302
   1534    2721     771     269
   1539    3057     774     235
   1544    2923     776     235
   1549    2419     779     269
   1554    2184     781     302
   1559    2016     784     336
   1564    1915     786     302
   1569    2117     789     336
   1574    2184     791     302
   1579    1915     794     336
   1584    1646     796     403
   1589    1579     799     370
   1594    1377     801     302
   1599    1142     804     235
   1604    1243     806     202
   1609    1344     809     235
   1614    1243     811     302
   1619    1008     813     336
   1624     941     816     302
   1629     907     818     235
   1634     874     821     235
   1639     874     823     202
   1644     739     826     235
   1649     605     828     235
   1654     638     831     302
   1659     806     833     336
   1664     706     836     336
   1669     706     838     302
   1674     739     841     269
   1679     739     843     235
   1684     605     846     269
   1689     571     848     269
   1694     538     851     302
   1699     538     853     302
   1704     470     856     302
   1709     470     858     269
   1714     437     861     235
   1719     470     863     235
   1724     538     866     336
   1729     403     868     302
   1734     571     870     370
   1739     538     873     370
   1744     538     875     403
   1749     672     878     269
   1754     504     880     302
   1759     504     883     269
   1764     605     885     302
   1769     538     888     403
   1774     437     890     403
   1779     370     893     403
   1784     538     895     403
   1789     605     898     370
   1794     504     900     336
   1799     437     903     336
   1804     437     905     336
   1809     302     908     269
   1814     403     910     235
   1819     370     913     235
   1824     370     915     235
   1829     403     918     202
   1834     235     920     202
   1839     370     923     235
   1844     370     925     134
   1849     403     928     202
   1854     437     930     202
   1859     336     933     202
   1864     336     935     134
   1869     269     937     202
   1874     269     940     202
   1879     336     942     235
   1884     202     945     235
   1889     202     947     235
   1894     202     950     202
   1899     235     952     302
   1904     269     955     370
   1909     202     957     302
   1914     202     960     101
   1919     202     962     101
   1924     235     965     269
   1929     437     967     269
   1934     437     970     269
   1939     470     972     202
   1944     403     975     202
   1949     235     977     269
   1954     202     980     202
   1959     302     982     235
   1964     302     985     202
   1969     202     987     235
   1974     336     990     302
   1979     302     992     168
   1984     235     995     168
   1989     168     997     235
   1994     336    1000     101
   1999     134    1002     134
   2004     168    1005     235
   2009     101    1007     202
   2014     168    1010     168
   2019     168    1012     202
   2024    33,6    1015     269
   2029     134    1017     269
   2034     134    1020     168
   2039     134    1022     101
   2044     168    1025     101
   2049     202    1027     134
   2054     101    1030     235
   2055     196    1030     262
   2057     184    1031     280
   2059     197    1032     290
   2061     172    1033     325
   2063     177    1034     331
   2065     162    1035     322
   2067     181    1036     332
   2069     202    1037     368
   2071     191    1038     387
   2073     183    1039     446
   2075     173    1040     410
   2077     203    1041     440
   2079     183    1042     440
   2081     184    1043     452
   2083     197    1044     488
   2085     184    1045     548
   2087     208    1046     640
   2089     215    1047     684
   2091     217    1048     665
   2093     200    1049     646
   2095     172    1050     517
   2099     202    1052     504
   2104     134    1054     302
   2109     302    1057     202
   2114     302    1059     168
   2119     235    1062     168
   2124     168    1064     101
   2129    33,6    1067    67,2
   2134     101    1069     235
   2139     101    1072     302
   2144     134    1074     202
   2149     101    1077     235
   2154     134    1079     235
   2159    67,2    1082     168
   2164     168    1084     134
   2169     134    1087     168
   2174     134    1089    67,2
   2179     0,0    1092    67,2
   2184    67,2    1094     134
   2189     101    1097     134
   2194    33,6    1099     168
   2199    67,2    1102     134
   2204    67,2    1104     101
   2209     134    1107     101
   2214     101    1109     134
   2219     101    1112     134
   2224    33,6    1114     134
   2229    67,2    1117     134
   2234     101    1119     134
   2239    33,6    1122     202
   2244     101    1124     134
   2249    67,2    1127     101
   2254     168    1129     134
   2259     168    1131     134
   2264     134    1134    67,2
   2269    67,2    1136     134
   2274     202    1139     101
   2279     101    1141     101
   2284     101    1144     134
   2289     134    1146     101
   2294     101    1149     134
   2299    67,2    1151     101
   2304     101    1154     134
   2309    67,2    1156     202
   2314    67,2    1159     101
   2319    67,2    1161     101
   2324    33,6    1164    67,2
   2329     168    1166    67,2
   2334    33,6    1169     134
   2339    67,2    1171     101
   2344    67,2    1174     134
   2349     0,0    1176     134
   2354     101    1179    67,2
   2359    67,2    1181    67,2
   2364    33,6    1184     101
   2369    33,6    1186     202
   2374    33,6    1189     0,0
   2379    67,2    1191    67,2
   2384    33,6    1194     101
   2389    33,6    1196     134
   2394     0,0    1199     168
   2399     101    1201    67,2
   2404    33,6    1204    33,6
   2409    33,6    1206    67,2
   2414    67,2    1209     134
   2419    33,6    1211    67,2
   2424    67,2    1214     101
   2429     0,0    1216    67,2
   2434    33,6    1218    67,2
   2439     101    1221     134
   2444    33,6    1223     168
   2449    33,6    1226    33,6
   2454    67,2    1229     101
   2457    53,0    1230    84,0
   2459    45,0    1231    87,0
   2461    65,0    1232     110
   2463    47,0    1233     113
   2465    52,0    1234     159
   2467    53,0    1235     168
   2469    66,0    1236     208
   2471    73,0    1237     266
   2473    65,0    1238     345
   2475    63,0    1239     407
   2477    75,0    1240     451
   2479    71,0    1241     408
   2481    82,0    1242     360
   2483    72,0    1243     293
   2485    62,0    1244     247
   2487    61,0    1245     194
   2489    61,0    1246     147
   2491    60,0    1247     131
   2493    56,0    1248     137
   2495    62,0    1249     104
   2497    44,0    1250     115
   2499     134    1251     134
   2504    67,2    1253     235
   2509     0,0    1256    67,2
   2514    67,2    1258     101
   2519     0,0    1261     101
   2524    33,6    1263    67,2
   2529    67,2    1266    33,6
   2534     0,0    1268    67,2
   2539    67,2    1271     101
   2544     0,0    1273    33,6
   2549    67,2    1276     101
   2554     0,0    1278     101
   2559     0,0    1281    67,2
   2564     0,0    1283    67,2
   2569     101    1286    33,6
   2574     0,0    1288    33,6
   2579    67,2    1291    33,6
   2584    33,6    1293    33,6
   2589     0,0    1296     0,0
   2594     101    1298    67,2
   2599    33,6    1301    33,6
   2604     0,0    1303     134
   2609    33,6    1306    33,6
   2614     0,0    1308     101
   2619     0,0    1311     0,0
   2624    67,2    1313    33,6
   2629     0,0    1316     134
   2634    33,6    1318    67,2
   2639     0,0    1321    67,2
   2644    33,6    1323     101
   2649     0,0    1326     0,0
   2654    33,6    1328    67,2
   2659    33,6    1331     101
   2664     0,0    1333     101
   2669    67,2    1336    67,2
   2674     0,0    1338     0,0
   2679     0,0    1340    33,6
   2684    67,2    1343    33,6
   2689    33,6    1345    67,2
   2694     0,0    1348     0,0
   2699     0,0    1351    67,2
   2704    33,6    1353    33,6
   2709     0,0    1356    67,2
   2714    33,6    1358    67,2
   2719    33,6    1360    33,6
   2724     101    1363    67,2
   2729    67,2    1365    33,6
   2734    33,6    1368     0,0
   2739    33,6    1370    33,6
   2744    33,6    1373    67,2
   2749    67,2    1375    67,2
   2754    33,6    1378     0,0
   2759    33,6    1380     0,0
   2764     0,0    1383     0,0
   2769    67,2    1385     0,0
   2774    33,6    1388     101
   2779    67,2    1390    67,2
   2784     0,0    1393    67,2
   2789     0,0    1395     134
   2794     0,0    1398    33,6
   2799    33,6    1400    33,6
   2804    33,6    1403    33,6
   2809    33,6    1405    67,2
   2814    33,6    1408    67,2
   2819     0,0    1410     0,0
   2824    33,6    1413    33,6
   2829     0,0    1415    33,6
   2834     0,0    1418    33,6
   2839    67,2    1420     101
   2844     0,0    1422    67,2
   2849     0,0    1425    33,6
   2854     0,0    1427    67,2
   2859    67,2    1430    67,2
   2864    33,6    1432     101
   2869     0,0    1435    67,2
   2874     0,0    1437     0,0
   2879    33,6    1440    67,2
   2884    67,2    1442    67,2
   2889     0,0    1445    33,6
   2894     0,0    1447    33,6
   2899    67,2    1450     0,0
   2904    33,6    1452    33,6
   2909     0,0    1455     134
   2914     0,0    1457    33,6
   2919     0,0    1460    67,2
   2924     0,0    1462     0,0
   2929     0,0    1465     0,0
   2934    33,6    1467     0,0
   2939    67,2    1470     0,0
   2944    67,2    1472    33,6
   2949     0,0    1475    33,6
   2954    33,6    1477     0,0
   2959    33,6    1480     0,0
   2964    33,6    1482     0,0
   2969     0,0    1485    33,6
   2974     0,0    1487     0,0
   2979    33,6    1490    33,6
   2984    33,6    1492    33,6
   2989     0,0    1495    33,6
   2994    33,6    1498     0,0
   2999    67,2    1500     0,0
   3004     0,0    1502     0,0
   3009    33,6    1505     0,0
   3014     0,0    1508     0,0
   3019    67,2    1510    67,2
   3024    67,2    1512     101
   3029     0,0    1515    33,6
   3034     0,0    1518    33,6
   3039     0,0    1520    33,6
   3044     0,0    1522    67,2
   3049    33,6    1525    67,2
   3054     0,0    1528    33,6
   3059     0,0    1530    67,2
   3064     0,0    1533    33,6
   3069    33,6    1535     0,0
   3074     0,0    1538    67,2
   3079     0,0    1540    67,2
   3084     0,0    1543    67,2
   3089     0,0    1545    33,6
   3094    67,2    1548    33,6
   3099    33,6    1550    33,6
   3104     0,0    1553    67,2
   3109     0,0    1555    67,2
   3114     0,0    1558    67,2
   3119     0,0    1560     0,0
   3124     0,0    1563    33,6
   3129     0,0    1565    67,2
   3134     0,0    1568    67,2
   3139     0,0    1570    67,2
   3144     0,0    1573    67,2
   3149     0,0    1575    33,6
