01.01.2007   N1106
Образец: "In"
LiF200
Трубка: "40,0/0,100"
        Отр1            Отр2
   [мА]  [Имп/с]   [мА]  [Имп/с]
    834    1782     425     135
    839    2220     427     303
    844    2287     430     437
    844    2368     430     474
    846    2364     431     479
    848    2361     432     455
    851    2258     433     512
    853    2301     434     489
    854    2357     435     553
    856    2270     436     584
    859    2312     437     525
    861    2240     438     566
    862    2418     439     603
    865    2359     440     667
    867    2391     441     664
    869    2226     442     809
    871    2259     443     831
    873    2192     444     809
    875    2151     445     820
    877    2154     446     854
    879    2203     447     859
    881    2203     448     815
    883    2091     449     890
    885    2139     450     809
    887    2149     451     876
    889    2181     452     894
    891    2156     453     857
    893    2090     454     882
    895    2151     455     921
    897    2091     456     938
    899    2140     457     836
    901    1984     458     928
    903    2080     459     940
    905    2101     460     903
    907    1984     461     828
    909    2006     462     829
    911    1917     463     777
    913    1958     464     756
    915    1888     465     676
    917    1946     466     692
    919    1992     467     637
    921    1917     468     616
    923    1933     469     605
    925    1939     470     556
    927    1921     471     495
    929    1917     472     480
    931    1847     473     477
    933    1852     474     452
    935    1833     475     430
    937    1902     476     420
    939    1919     477     479
    941    1860     478     476
    943    1858     479     433
    945    1886     480     450
    947    1880     481     519
    949    1899     482     598
    951    1852     483     632
    953    1854     484     685
    955    1909     485     789
    957    1942     486     855
    959    2074     487    1020
    961    1954     488    1108
    963    1965     489    1314
    966    2054     490    1401
    967    2007     491    1543
    969    2023     492    1700
    971    2043     493    1872
    974    2089     494    2063
    976    2189     495    2156
    977    2276     496    2298
    980    2258     497    2601
    982    2259     498    2584
    984    2375     499    2816
    986    2346     500    2851
    988    2438     501    3000
    990    2426     502    3084
    992    2499     503    3365
    994    2321     504    3533
    996    2370     505    3716
    998    2422     506    3789
   1000    2426     507    4092
   1002    2373     508    4136
   1004    2350     509    4239
   1006    2524     510    4316
   1008    2454     511    4447
   1010    2391     512    4432
   1012    2546     513    4522
   1014    2645     514    4493
   1016    2512     515    4608
   1018    2539     516    4544
   1020    2460     517    4412
   1022    2435     518    4306
   1024    2356     519    4160
   1027    2280     520    3988
   1028    2167     521    3927
   1030    2184     522    3667
   1032    2042     523    3517
   1035    2121     524    3001
   1037    1982     525    2686
   1039    1842     526    2422
   1041    1815     527    2101
   1043    1727     528    1742
   1045    1603     529    1518
   1047    1516     530    1183
   1049    1459     531    1021
   1051    1460     532     854
   1053    1292     533     721
   1055    1360     534     513
   1057    1309     535     505
   1059    1274     536     442
   1061    1300     537     387
   1063    1231     538     351
   1065    1248     539     348
   1067    1165     540     356
   1069    1211     541     269
   1074    1244     543     235
   1079    1143     546     269
   1084    1177     548     303
   1089    1076     551     370
   1094    1009     553     404
   1099     942     556     437
   1104    1076     558     437
   1109    1110     561     404
   1114    1143     563     370
   1119    1043     566     336
   1124     942     568     336
   1129    1076     571     336
   1134    1110     573     336
   1139    1143     576     336
   1144    1076     578     336
   1149     942     581     336
   1154    1009     583     303
   1159    1009     586     303
   1164    1143     588     269
   1169    1110     591     269
   1174    1009     593     269
   1179     874     596     235
   1184     807     598     269
   1189     740     601     269
   1194     740     603     269
   1199     740     606     235
   1204     841     608     235
   1209     908     610     235
   1214     908     613     235
   1219     807     615     235
   1224     740     618     202
   1229     740     620     235
   1234     740     623     202
   1239     706     625     202
   1244     605     628     202
   1249     504     630     202
   1254     437     633     202
   1259     538     635     135
   1264     504     638     135
   1269     504     640     168
   1274     504     643     168
   1279     605     645     235
   1284     639     648     235
   1289     572     650     235
   1294     504     652     202
   1299     471     655     135
   1304     471     657     168
   1309     471     660     168
   1314     437     662     202
   1319     471     665     202
   1324     437     667     202
   1329     504     670     202
   1334     572     672     135
   1339     572     675     168
   1344     471     677     202
   1349     437     680     235
   1354     404     682     269
   1359     303     685     269
   1364     269     687     202
   1369     303     690     168
   1374     404     692     135
   1379     572     695     168
   1384     572     697     202
   1389     471     700     235
   1394     437     702     168
   1399     572     704     168
   1404     605     707     135
   1409     471     709     168
   1414     303     712     168
   1419     471     714     135
   1424     605     717     135
   1429     639     719     168
   1434     504     722     135
   1439     572     724     135
   1444     538     727     135
   1449     370     729     101
   1454     235     732     101
   1459     269     734    67,3
   1464     269     737     101
   1469     303     739     101
   1474     303     742     101
   1479     235     744     101
   1484     202     747     135
   1489     168     749     168
   1494     235     752     168
   1499     269     754     168
   1504     370     757     202
   1509     404     759     269
   1514     336     761     303
   1519     370     764     303
   1524     572     766     303
   1529     841     769     303
   1534    1043     771     269
   1539    1009     774     235
   1544     874     776     168
   1549     774     779    67,3
   1554     471     781     101
   1559     336     784     101
   1564     269     786     101
   1569     235     789    67,3
   1574     235     791    33,6
   1579     202     794     101
   1584     235     796     135
   1589     235     799     168
   1594     168     801     135
   1599     235     804     101
   1604     269     806     101
   1609     303     809    67,3
   1614     269     811    67,3
   1619     168     813    33,6
   1624     168     816     101
   1629     202     818    67,3
   1634     235     821     101
   1639     235     823     101
   1644     168     826    33,6
   1649     202     828    33,6
   1654     235     831    33,6
   1659     235     833    67,3
   1664     202     836    67,3
   1669     135     838    67,3
   1674     168     841    67,3
   1679     168     843    67,3
   1684     168     846     101
   1689     135     848    67,3
   1694     101     851     101
   1699     101     853    67,3
   1704     101     856    67,3
   1709     135     858    67,3
   1714     168     861    67,3
   1719     168     863    67,3
   1724    67,3     866    67,3
   1729     101     868    67,3
   1734     168     870     101
   1739     202     873     101
   1744     135     875    67,3
   1749     135     878    67,3
   1754     168     880    33,6
   1759     202     883    67,3
   1764     202     885     101
   1769     202     888     101
   1774     101     890    67,3
   1779     101     893    33,6
   1784     135     895     0,0
   1789     202     898     0,0
   1794     135     900    33,6
   1799     101     903    33,6
   1804     101     905    67,3
   1809     101     908    67,3
   1814     101     910    33,6
   1819    67,3     913     0,0
   1824    67,3     915    33,6
   1829    67,3     918    33,6
   1834    67,3     920    67,3
   1839     135     923    67,3
   1844     135     925    67,3
   1849     101     928    33,6
   1854     101     930    33,6
   1859     101     933    33,6
   1864    67,3     935    67,3
   1869    33,6     937    33,6
   1874    67,3     940     0,0
   1879     101     942     0,0
   1884     135     945    33,6
   1889     101     947    67,3
   1894    67,3     950    67,3
   1899     101     952    67,3
   1904     168     955    33,6
   1909    67,3     957    33,6
   1914    67,3     960     0,0
   1919     101     962    67,3
   1924     235     965    67,3
   1929     370     967    67,3
   1934     404     970    33,6
   1939     336     972    33,6
   1944     269     975    67,3
   1949     168     977    67,3
   1954    33,6     980    33,6
   1959    67,3     982    33,6
   1964    67,3     985    33,6
   1969    33,6     987    33,6
   1974    33,6     990    33,6
   1979    33,6     992    33,6
   1984     0,0     995    33,6
   1989    67,3     997    33,6
   1994    33,6    1000    67,3
   1999     101    1002    33,6
   2004    33,6    1005     0,0
   2009     0,0    1007    33,6
   2014    67,3    1010    33,6
   2019    67,3    1012    33,6
   2024    67,3    1015    67,3
   2029    67,3    1017    33,6
   2034    67,3    1020     0,0
   2039    67,3    1022     0,0
   2044    33,6    1025    33,6
   2049    67,3    1027    33,6
   2054     101    1030    33,6
   2059    33,6    1032    33,6
   2064    67,3    1034     0,0
   2069    33,6    1037     0,0
   2074     101    1039     0,0
   2079    33,6    1042     0,0
   2084    67,3    1044     0,0
   2089    67,3    1047     0,0
   2094    33,6    1049     0,0
   2099     0,0    1052    33,6
   2104    67,3    1054    67,3
   2109     101    1057    33,6
   2114     0,0    1059    33,6
   2119    67,3    1062    33,6
   2124    67,3    1064    33,6
   2129    33,6    1067    33,6
   2134    67,3    1069    33,6
   2139    33,6    1072    33,6
   2144     101    1074    33,6
   2149    33,6    1077     0,0
   2154    33,6    1079    33,6
   2159     0,0    1082    33,6
   2164    67,3    1084    33,6
   2169    33,6    1087    33,6
   2174    33,6    1089    67,3
   2179    33,6    1092    33,6
   2184    33,6    1094    33,6
   2189    33,6    1097     0,0
   2194     0,0    1099     0,0
   2199    33,6    1102    33,6
   2204    67,3    1104    67,3
   2209    67,3    1107    33,6
   2214    67,3    1109    33,6
   2219    67,3    1112     0,0
   2224     0,0    1114     0,0
   2229    33,6    1117     0,0
   2234     101    1119     0,0
   2239     0,0    1122     0,0
   2244    33,6    1124     0,0
   2249    67,3    1127    33,6
   2254    67,3    1129    33,6
   2259    33,6    1131     0,0
   2264    67,3    1134    33,6
   2269     0,0    1136    33,6
   2274    33,6    1139     0,0
   2279    67,3    1141    33,6
   2284    33,6    1144    33,6
   2289    33,6    1146    33,6
   2294    67,3    1149    33,6
   2299     0,0    1151     0,0
   2304     101    1154    33,6
   2309    33,6    1156    33,6
   2314     0,0    1159    33,6
   2319    67,3    1161     0,0
   2324    33,6    1164     0,0
   2329    33,6    1166    33,6
   2334    33,6    1169     0,0
   2339    67,3    1171     0,0
   2344     0,0    1174    33,6
   2349    67,3    1176    33,6
   2354    33,6    1179    67,3
   2359    67,3    1181    33,6
   2364    67,3    1184    33,6
   2369    33,6    1186     0,0
   2374    67,3    1189     0,0
   2379    33,6    1191     0,0
   2384     0,0    1194     0,0
   2389     0,0    1196     0,0
   2394    33,6    1199    33,6
   2399     0,0    1201     0,0
   2404     0,0    1204    33,6
   2409     0,0    1206     0,0
   2414     101    1209     0,0
   2419     0,0    1211    67,3
   2424    67,3    1214     0,0
   2429    33,6    1216     0,0
   2434    33,6    1218    33,6
   2439    33,6    1221     0,0
   2444    67,3    1223    67,3
   2449     0,0    1226    33,6
   2454    33,6    1229    33,6
   2459     0,0    1231     0,0
   2464    33,6    1234    33,6
   2469     0,0    1236     0,0
   2474    67,3    1238    33,6
   2479     0,0    1241     0,0
   2484    33,6    1243    33,6
   2489    33,6    1246     0,0
   2494     0,0    1248     0,0
   2499    67,3    1251    33,6
   2504     0,0    1253     0,0
   2509    33,6    1256     0,0
   2514     101    1258    33,6
   2519     0,0    1261     0,0
   2524    33,6    1263     0,0
   2529    33,6    1266     0,0
   2534     0,0    1268     0,0
   2539    33,6    1271    33,6
   2544    33,6    1273     0,0
   2549     0,0    1276    33,6
   2554     0,0    1278    33,6
   2559    67,3    1281    33,6
   2564    33,6    1283     0,0
   2569     0,0    1286    33,6
   2574     0,0    1288     0,0
   2579    33,6    1291     0,0
   2584     0,0    1293     0,0
   2589     0,0    1296     0,0
   2594     0,0    1298     0,0
   2599    67,3    1301     0,0
   2604     0,0    1303     0,0
   2609     0,0    1306    33,6
   2614     0,0    1308     0,0
   2619     0,0    1311    33,6
   2624    33,6    1313     0,0
   2629     0,0    1316    33,6
   2634     0,0    1318    33,6
   2639    33,6    1321     0,0
   2644    33,6    1323     0,0
   2649     0,0    1326    33,6
   2654     0,0    1328     0,0
   2659     0,0    1331     0,0
   2664    33,6    1333     0,0
   2669     0,0    1336     0,0
   2674     0,0    1338     0,0
   2679    33,6    1340    67,3
   2684    33,6    1343    67,3
   2689     0,0    1345     0,0
   2694    33,6    1348    33,6
   2699    33,6    1351     0,0
   2704    67,3    1353     0,0
   2709     0,0    1356    33,6
   2714     0,0    1358     0,0
   2719     0,0    1360     0,0
   2724     0,0    1363     0,0
   2729     0,0    1365    33,6
   2734    33,6    1368     0,0
   2739     0,0    1370     0,0
   2744     0,0    1373    67,3
   2749    67,3    1375     0,0
   2754     0,0    1378     0,0
   2759     0,0    1380     0,0
   2764    67,3    1383     0,0
   2769     0,0    1385     0,0
   2774     0,0    1388     0,0
   2779     0,0    1390    33,6
   2784     0,0    1393    33,6
   2789     0,0    1395     0,0
   2794     0,0    1398     0,0
   2799    33,6    1400    33,6
   2804     0,0    1403     0,0
   2809     0,0    1405     0,0
   2814     0,0    1408    33,6
   2819     0,0    1410     0,0
   2824     0,0    1413     0,0
   2829     0,0    1415     0,0
   2834     0,0    1418     0,0
   2839    33,6    1420     0,0
   2844     0,0    1422     0,0
   2849     0,0    1425    33,6
   2854     0,0    1427     0,0
   2859    33,6    1430     0,0
   2864    67,3    1432    33,6
   2869    33,6    1435     0,0
   2874    67,3    1437     0,0
   2879     0,0    1440     0,0
   2884     0,0    1442    33,6
   2889     0,0    1445     0,0
   2894     0,0    1447     0,0
   2899     0,0    1450     0,0
   2904     0,0    1452     0,0
   2909     0,0    1455     0,0
   2914     0,0    1457     0,0
   2919     0,0    1460     0,0
   2924     0,0    1462     0,0
   2929     0,0    1465     0,0
   2934     0,0    1467     0,0
   2939    33,6    1470     0,0
   2944     0,0    1472     0,0
   2949     0,0    1475     0,0
   2954     0,0    1477     0,0
   2959     0,0    1480     0,0
   2964     0,0    1482     0,0
   2969     0,0    1485     0,0
   2974     0,0    1487     0,0
   2979     0,0    1490     0,0
   2984    33,6    1492     0,0
   2989     0,0    1495     0,0
   2994    33,6    1498     0,0
   2999     0,0    1500     0,0
   3004     0,0    1502     0,0
   3009     0,0    1505    67,3
   3014     0,0    1508     0,0
   3019     0,0    1510     0,0
   3024     0,0    1512     0,0
   3029     0,0    1515     0,0
   3034     0,0    1518     0,0
   3039     0,0    1520     0,0
   3044     0,0    1522     0,0
   3049     0,0    1525     0,0
   3054     0,0    1528     0,0
   3059    33,6    1530    33,6
   3064     0,0    1533     0,0
   3069     0,0    1535     0,0
   3074     0,0    1538     0,0
   3079     0,0    1540    67,3
   3084     0,0    1543    33,6
   3089     0,0    1545     0,0
   3094     0,0    1548     0,0
   3099     0,0    1550     0,0
   3104     0,0    1553     0,0
   3109     0,0    1555     0,0
   3114     0,0    1558     0,0
   3119     0,0    1560     0,0
   3124     0,0    1563     0,0
   3129     0,0    1565     0,0
   3134     0,0    1568     0,0
   3139     0,0    1570     0,0
   3144    67,3    1573     0,0
   3149    67,3    1575    33,6
