01.01.2007   N1106
Образец: "Mo"
LiF200
Трубка: "40,0/0,100"
        Отр1            Отр2
   [мА]  [Имп/с]   [мА]  [Имп/с]
    834    2281     425    67,1
    839    2214     427    67,1
    844    2114     430    33,5
    849    1812     432    33,5
    854    1778     435    33,5
    859    1812     437    33,5
    864    1845     440    33,5
    869    2046     442    67,1
    874    2214     445    67,1
    879    2147     447    67,1
    884    2080     450    67,1
    889    1979     452    67,1
    894    1946     455     101
    899    1845     457    67,1
    904    1845     460    67,1
    909    1845     462    67,1
    914    1845     465    67,1
    919    1946     467    67,1
    924    1979     469    67,1
    929    1879     472    67,1
    934    1778     474    67,1
    939    1711     477    67,1
    944    1711     479    67,1
    949    1812     482     101
    954    1845     484     101
    959    1912     487     101
    964    1879     489     101
    969    1812     492     101
    974    1778     494     134
    979    1677     497     134
    984    1644     499     134
    989    1778     502     134
    994    1845     504     101
    999    1711     507     101
   1004    1610     509     101
   1009    1476     511    67,1
   1014    1476     514    67,1
   1019    1476     516    67,1
   1024    1476     519    67,1
   1029    1409     521    67,1
   1034    1443     524    67,1
   1039    1543     526    67,1
   1044    1543     529     101
   1049    1577     531     101
   1054    1610     534     101
   1059    1577     536     101
   1064    1476     538     134
   1069    1275     541     134
   1074    1107     543     134
   1079    1208     546     134
   1084    1308     548     134
   1089    1342     551     168
   1094    1174     553     134
   1099    1074     556     168
   1104    1107     558     134
   1109    1208     561     168
   1114    1241     563     134
   1119    1241     566     168
   1124    1107     568     201
   1129    1006     571     201
   1134    1040     573     235
   1139    1040     576     201
   1144    1107     578     201
   1149    1107     581     201
   1154    1241     583     168
   1159    1409     586     201
   1164    1510     588     235
   1169    1577     591     201
   1174    1476     593     201
   1179    1275     596     235
   1184    1208     598     268
   1188    1184     600     349
   1190    1095     601     330
   1192     992     602     363
   1194     931     603     373
   1196     890     604     382
   1198     876     605     380
   1200     916     606     409
   1202     915     607     483
   1204     869     608     478
   1206     905     609     501
   1208     806     610     519
   1210     879     611     575
   1212     894     612     623
   1214     879     613     663
   1216     881     614     772
   1218     899     615     786
   1220     862     616     790
   1222     908     617     950
   1224     924     618     950
   1226     922     619    1048
   1228    1014     620    1156
   1230    1016     621    1269
   1232     988     622    1354
   1234     980     623    1381
   1236    1024     624    1503
   1238    1072     625    1506
   1240    1040     626    1579
   1242    1073     627    1645
   1244    1137     628    1652
   1246    1118     629    1710
   1248    1067     630    1837
   1251    1059     631    1873
   1253    1067     632    1862
   1255    1024     633    1867
   1257    1109     634    1897
   1259    1101     635    1816
   1261    1089     636    1817
   1263    1128     637    1834
   1265    1028     638    1636
   1267    1083     639    1563
   1269    1074     640    1493
   1271    1148     641    1370
   1273    1085     642    1206
   1275    1169     643    1050
   1277    1210     644     895
   1279    1275     645     736
   1281    1382     646     616
   1283    1384     647     439
   1285    1440     648     447
   1287    1488     649     372
   1289    1510     650     308
   1291    1508     651     311
   1293    1468     652     263
   1295    1410     653     286
   1297    1263     654     298
   1299    1256     655     280
   1301    1176     656     272
   1303    1023     657     271
   1305     953     658     271
   1307     835     659     287
   1309     774     660     233
   1311     748     661     267
   1313     643     662     284
   1315     615     663     266
   1317     600     664     273
   1319     656     665     243
   1321     605     666     276
   1323     623     667     271
   1325     636     668     256
   1327     657     669     290
   1329     687     670     248
   1331     695     671     238
   1333     704     672     251
   1335     665     673     294
   1337     736     674     287
   1340     690     675     277
   1342     723     676     270
   1344     651     677     302
   1346     652     678     272
   1347     642     679     293
   1349     614     680     351
   1352     615     681     325
   1354     583     682     338
   1356     605     683     395
   1358     624     684     423
   1360     591     685     505
   1362     589     686     549
   1364     610     687     597
   1366     611     688     758
   1368     663     689     882
   1370     666     690     998
   1372     746     691    1318
   1374     780     692    1624
   1376     799     693    1837
   1378     799     694    2279
   1380     939     695    2765
   1382    1102     696    3246
   1384    1144     697    3750
   1386    1223     698    4307
   1388    1308     699    4877
   1390    1393     700    5448
   1392    1599     701    6210
   1394    1679     702    6793
   1396    1774     703    7282
   1398    1934     704    8169
   1400    2135     705    8933
   1402    2181     706    9495
   1404    2349     707   10054
   1406    2275     708   10627
   1408    2377     709   11147
   1410    2490     710   11318
   1412    2598     711   11654
   1414    2718     712   11634
   1416    3016     713   11205
   1418    3418     714   10847
   1420    3850     715   10163
   1422    4315     716    9439
   1424    4652     717    8719
   1426    4841     718    7483
   1428    5057     719    6554
   1430    4980     720    5349
   1432    4753     721    4316
   1434    4492     722    3182
   1436    4239     723    2461
   1438    3829     724    1857
   1440    3412     725    1358
   1442    2847     726     968
   1444    2354     727     744
   1446    1841     728     569
   1448    1295     729     464
   1450     891     730     394
   1452     643     731     353
   1455     507     732     322
   1457     443     733     330
   1459     497     734     287
   1461     510     735     285
   1463     481     736     255
   1465     531     737     277
   1467     576     738     293
   1469     565     739     249
   1471     572     740     237
   1474     705     742     235
   1479     537     744     235
   1484     503     747     201
   1489     470     749     201
   1494     369     752     201
   1499     235     754     201
   1504     235     757     168
   1509     403     759     168
   1514     436     761     168
   1519     403     764     168
   1524     503     766     168
   1529     570     769     168
   1534     705     771     201
   1539     872     774     168
   1544     671     776     134
   1549     537     779     101
   1554     436     781     101
   1559     268     784     168
   1564     235     786     201
   1569     201     789     168
   1574     235     791     168
   1579     302     794     168
   1584     268     796     201
   1589     168     799     201
   1594     168     801     201
   1599     302     804     168
   1604     369     806     134
   1609     268     809     134
   1614     201     811     134
   1619     235     813     101
   1624     201     816     101
   1629     168     818     101
   1634     235     821     134
   1639     201     823     134
   1644     168     826     101
   1649     168     828    67,1
   1654     168     831    33,5
   1659     201     833    67,1
   1664     201     836     134
   1669     201     838     168
   1674     168     841     168
   1679     168     843     168
   1684     201     846     101
   1689     168     848     101
   1694     101     851    33,5
   1699     168     853     101
   1704     201     856     101
   1709     168     858     101
   1714     201     861     168
   1719     235     863     134
   1724     168     866     168
   1729     201     868     168
   1734     201     870     101
   1739     168     873     134
   1744     168     875     168
   1749     134     878     168
   1754     101     880     101
   1759     101     883     101
   1764     168     885    67,1
   1769     134     888    67,1
   1774     101     890     101
   1779    67,1     893     101
   1784     101     895    67,1
   1789     134     898    67,1
   1794     134     900    67,1
   1799     101     903    67,1
   1804     101     905    67,1
   1809     134     908    67,1
   1814     168     910    33,5
   1819     101     913    67,1
   1824     168     915     101
   1829     168     918     101
   1834     134     920    67,1
   1839    67,1     923     101
   1844     134     925    67,1
   1849     201     928    67,1
   1854     101     930    67,1
   1859     134     933     134
   1864     134     935     134
   1869     101     937    67,1
   1874     168     940     168
   1879     134     942     168
   1884    67,1     945     134
   1889     168     947     134
   1894     168     950     101
   1899     168     952    33,5
   1904     168     955    67,1
   1909     168     957     101
   1914     134     960     134
   1919     168     962     101
   1924     168     965    67,1
   1929     168     967    33,5
   1934     268     970    33,5
   1939     268     972     101
   1944     235     975     134
   1949     101     977     101
   1954     0,0     980    67,1
   1959     134     982    67,1
   1964     101     985    67,1
   1969    67,1     987    33,5
   1974     201     990    33,5
   1979    67,1     992    67,1
   1984    67,1     995    67,1
   1989    33,5     997    33,5
   1994    67,1    1000    33,5
   1999     101    1002    33,5
   2004     101    1005    33,5
   2009    67,1    1007     0,0
   2014     101    1010    33,5
   2019    33,5    1012     0,0
   2024    67,1    1015     0,0
   2029    33,5    1017     0,0
   2034     101    1020     0,0
   2039    67,1    1022    33,5
   2044     134    1025    67,1
   2049     134    1027    33,5
   2054     101    1030    67,1
   2059     101    1032    67,1
   2064     101    1034    33,5
   2069    67,1    1037    33,5
   2074    67,1    1039    33,5
   2079    67,1    1042     0,0
   2084    67,1    1044    33,5
   2089     134    1047    33,5
   2094     101    1049    33,5
   2099     101    1052    33,5
   2104     134    1054     134
   2109     134    1057     201
   2114     235    1059     168
   2119     268    1062     268
   2124     168    1064     369
   2129     168    1067     235
   2134     168    1069     168
   2139     134    1072     101
   2144    67,1    1074     201
   2149     134    1077     101
   2154     101    1079    67,1
   2159     0,0    1082    67,1
   2164     134    1084    33,5
   2169     134    1087    33,5
   2174    33,5    1089    33,5
   2179    67,1    1092    33,5
   2184    67,1    1094    67,1
   2189    33,5    1097    33,5
   2194     101    1099     0,0
   2199     168    1102    33,5
   2204     134    1104    33,5
   2209    33,5    1107     0,0
   2214    33,5    1109     0,0
   2219     101    1112     0,0
   2224     101    1114     0,0
   2229    33,5    1117    33,5
   2234     101    1119    33,5
   2239    67,1    1122    33,5
   2244     0,0    1124     0,0
   2249    33,5    1127    33,5
   2254    67,1    1129     0,0
   2259    67,1    1131    33,5
   2264     101    1134    67,1
   2269     134    1136     0,0
   2274    33,5    1139     0,0
   2279    67,1    1141     0,0
   2284     101    1144     0,0
   2289    67,1    1146     0,0
   2294     168    1149     0,0
   2299    67,1    1151    33,5
   2304    33,5    1154     0,0
   2309     168    1156     0,0
   2314    33,5    1159     0,0
   2319    67,1    1161     0,0
   2324    67,1    1164    33,5
   2329    67,1    1166    33,5
   2334     168    1169    33,5
   2339     0,0    1171    67,1
   2344     101    1174    67,1
   2349    67,1    1176     0,0
   2354     134    1179    33,5
   2359     101    1181     0,0
   2364     0,0    1184     0,0
   2369     101    1186    67,1
   2374     0,0    1189     0,0
   2379    33,5    1191    33,5
   2384    67,1    1194     0,0
   2389    33,5    1196    33,5
   2394    67,1    1199    67,1
   2399    67,1    1201    33,5
   2404    33,5    1204     0,0
   2409    67,1    1206    33,5
   2414    33,5    1209    33,5
   2419     101    1211    33,5
   2424    67,1    1214    33,5
   2429    33,5    1216     0,0
   2434    67,1    1218    33,5
   2439     134    1221     0,0
   2444     101    1223    33,5
   2449    67,1    1226    33,5
   2454     0,0    1229    33,5
   2459    33,5    1231     0,0
   2464    33,5    1234    33,5
   2469     101    1236    33,5
   2474     0,0    1238     0,0
   2479     0,0    1241     0,0
   2484     0,0    1243     0,0
   2489    33,5    1246    33,5
   2494    67,1    1248    33,5
   2499     0,0    1251     0,0
   2504    67,1    1253    33,5
   2509     0,0    1256     0,0
   2514     0,0    1258    33,5
   2519    67,1    1261    33,5
   2524     0,0    1263     0,0
   2529    33,5    1266     0,0
   2534     0,0    1268    33,5
   2539    33,5    1271     0,0
   2544    33,5    1273    33,5
   2549     0,0    1276     0,0
   2554    33,5    1278    33,5
   2559    33,5    1281     0,0
   2564    33,5    1283    67,1
   2569    67,1    1286     0,0
   2574     0,0    1288    33,5
   2579     0,0    1291     0,0
   2584    33,5    1293    33,5
   2589    33,5    1296     0,0
   2594    67,1    1298    33,5
   2599    33,5    1301     0,0
   2604     0,0    1303    33,5
   2609    33,5    1306     0,0
   2614     0,0    1308     0,0
   2619    33,5    1311    33,5
   2624     0,0    1313     0,0
   2629    33,5    1316     0,0
   2634    33,5    1318     0,0
   2639     101    1321    33,5
   2644    33,5    1323     0,0
   2649     0,0    1326     0,0
   2654     101    1328    33,5
   2659    33,5    1331     0,0
   2664     0,0    1333     0,0
   2669    67,1    1336    33,5
   2674     0,0    1338     0,0
   2679     101    1340     0,0
   2684    67,1    1343    33,5
   2689     0,0    1345    33,5
   2694     101    1348     0,0
   2699    33,5    1351     0,0
   2704    33,5    1353     0,0
   2709    33,5    1356     0,0
   2714    33,5    1358     0,0
   2719     0,0    1360     0,0
   2724    67,1    1363     0,0
   2729    33,5    1365     0,0
   2734     0,0    1368     0,0
   2739     0,0    1370     0,0
   2744    33,5    1373    33,5
   2749     0,0    1375    33,5
   2754     134    1378     0,0
   2759     0,0    1380     0,0
   2764    33,5    1383     0,0
   2769    33,5    1385     0,0
   2774     0,0    1388    67,1
   2779     0,0    1390    33,5
   2784    33,5    1393    33,5
   2789     0,0    1395    33,5
   2794     0,0    1398     0,0
   2799     0,0    1400     0,0
   2804     0,0    1403     0,0
   2809     0,0    1405    67,1
   2814     0,0    1408    33,5
   2819    33,5    1410    67,1
   2824     0,0    1413    33,5
   2829     0,0    1415    33,5
   2834    33,5    1418    33,5
   2839     0,0    1420    33,5
   2844    33,5    1422     0,0
   2849    33,5    1425     0,0
   2854    33,5    1427     0,0
   2859    33,5    1430    33,5
   2864    33,5    1432    67,1
   2869     0,0    1435     0,0
   2874    33,5    1437    67,1
   2879     0,0    1440     0,0
   2884    67,1    1442    33,5
   2889     0,0    1445     0,0
   2894    33,5    1447     0,0
   2899     0,0    1450     0,0
   2904    67,1    1452    67,1
   2909     0,0    1455     0,0
   2914    67,1    1457    67,1
   2919    67,1    1460    67,1
   2924     0,0    1462    33,5
   2929    67,1    1465    33,5
   2934     0,0    1467     0,0
   2939    33,5    1470    67,1
   2944    33,5    1472     0,0
   2949    67,1    1475    67,1
   2954    33,5    1477     168
   2959    33,5    1480     0,0
   2964     0,0    1482     0,0
   2969     0,0    1485     0,0
   2974    33,5    1487     0,0
   2979     0,0    1490     0,0
   2984     0,0    1492     0,0
   2989    67,1    1495     0,0
   2994     0,0    1498     0,0
   2999     0,0    1500     0,0
   3004    33,5    1502     0,0
   3009     0,0    1505     0,0
   3014     0,0    1508     0,0
   3019    67,1    1510    67,1
   3024    33,5    1512     0,0
   3029    33,5    1515     0,0
   3034     0,0    1518     0,0
   3039     0,0    1520    33,5
   3044    33,5    1522    67,1
   3049     0,0    1525     0,0
   3054    33,5    1528     0,0
   3059    67,1    1530     0,0
   3064     0,0    1533    33,5
   3069     0,0    1535     0,0
   3074     0,0    1538    33,5
   3079     0,0    1540    67,1
   3084     0,0    1543     0,0
   3089     0,0    1545    33,5
   3094     0,0    1548     0,0
   3099     0,0    1550     0,0
   3104    33,5    1553     101
   3109     0,0    1555    33,5
   3114     0,0    1558     0,0
   3119     0,0    1560     0,0
   3124     0,0    1563     0,0
   3129     0,0    1565     0,0
   3134     0,0    1568     0,0
   3139     0,0    1570     0,0
   3144    67,1    1573    33,5
   3149     235    1575    33,5
