01.01.2007   N1106
Образец: "Ni"
LiF200
Трубка: "40,0/0,100"
        Отр1            Отр2
   [мА]  [Имп/с]   [мА]  [Имп/с]
    834    1815     425     0,0
    839    1849     427    33,6
    844    1815     430    67,2
    849    1748     432    67,2
    854    1748     435    67,2
    859    1782     437    67,2
    864    1815     440    67,2
    869    1782     442    67,2
    874    1815     445    67,2
    879    1815     447    33,6
    884    1815     450    33,6
    889    1815     452    67,2
    894    2051     455    67,2
    899    1983     457    67,2
    904    2017     460     101
    909    2051     462    67,2
    914    2017     465     101
    919    1950     467    67,2
    924    1983     469     101
    929    1950     472     101
    934    1916     474     101
    939    1883     477     101
    944    1916     479     101
    949    2017     482     134
    954    2084     484     168
    959    2185     487     168
    964    2118     489     134
    969    2152     492     168
    974    2152     494     134
    979    2017     497     134
    984    1950     499     134
    989    1883     502     101
    994    1916     504     101
    999    1983     507     101
   1004    2152     509     101
   1009    2185     511     101
   1014    2219     514     101
   1019    2152     516     101
   1024    2185     519     101
   1029    2084     521     101
   1034    2118     524     101
   1039    2017     526     134
   1044    2017     529     101
   1049    1983     531     101
   1054    2017     534    67,2
   1059    2084     536     101
   1064    2017     538    67,2
   1069    1916     541    67,2
   1074    1916     543     101
   1079    1916     546     101
   1084    1849     548     101
   1089    1950     551     101
   1094    1883     553     134
   1099    1815     556     134
   1104    1782     558     134
   1109    1681     561     134
   1114    1782     563     134
   1119    1748     566     101
   1124    1715     568     134
   1129    1647     571     134
   1134    1715     573     134
   1139    1849     576     134
   1144    1916     578     134
   1149    1849     581     134
   1154    1782     583     101
   1159    1748     586     101
   1164    1950     588     101
   1169    1950     591     101
   1174    1849     593     134
   1179    1815     596     168
   1184    1715     598     202
   1189    1748     601     202
   1194    1681     603     202
   1199    1614     606     168
   1204    1513     608     134
   1209    1378     610     134
   1214    1412     613     134
   1219    1479     615     134
   1224    1546     618     101
   1229    1614     620     101
   1234    1546     623    33,6
   1239    1546     625    33,6
   1244    1513     628    33,6
   1249    1479     630     101
   1254    1345     633     101
   1259    1311     635     101
   1264    1311     638     101
   1269    1412     640     101
   1274    1412     643    67,2
   1279    1412     645    67,2
   1284    1446     648     101
   1289    1446     650     101
   1294    1244     652     101
   1299    1109     655     101
   1304    1042     657     101
   1309    1143     660    67,2
   1314    1042     662    67,2
   1319    1076     665    67,2
   1324    1109     667    67,2
   1329    1143     670    67,2
   1334    1076     672    67,2
   1339     975     675    67,2
   1344    1009     677    67,2
   1349    1009     680    67,2
   1354    1009     682    33,6
   1359     975     685    33,6
   1364    1143     687    67,2
   1369    1177     690    33,6
   1374    1109     692    33,6
   1379     975     695    67,2
   1384    1076     697    67,2
   1389    1042     700    33,6
   1394    1009     702    67,2
   1399     941     704    67,2
   1404     941     707    67,2
   1409     941     709    67,2
   1414    1009     712    33,6
   1419     975     714    33,6
   1424    1009     717    33,6
   1429    1076     719    67,2
   1434    1076     722    67,2
   1439    1076     724    67,2
   1444    1076     727    33,6
   1449    1076     729    67,2
   1450     918     730    50,0
   1451     990     730    45,0
   1452     969     731    51,0
   1453     909     731    49,0
   1454     932     732    64,0
   1455     910     732    52,0
   1456     986     733    47,0
   1457     971     733    43,0
   1458     920     734    62,0
   1459     917     734    53,0
   1460     973     735    49,0
   1461     890     735    41,0
   1462     997     736    50,0
   1463     990     736    62,0
   1464    1033     737    55,0
   1465    1044     737    50,0
   1466    1138     738    53,0
   1467    1161     738    46,0
   1468    1308     739    53,0
   1469    1460     739    41,0
   1470    1573     740    49,0
   1471    1732     740    62,0
   1472    2047     741    44,0
   1473    2344     741    66,0
   1474    2831     742    34,0
   1475    3365     742    44,0
   1476    4078     743    59,0
   1477    4928     743    63,0
   1478    6183     744    50,0
   1479    7504     744    65,0
   1480    9660     745    66,0
   1481   12355     745    75,0
   1482   15928     746     102
   1483   20119     746     128
   1484   25511     747     165
   1485   31651     747     240
   1486   37690     748     310
   1487   43994     748     425
   1488   50235     749     568
   1489   56297     749     664
   1490   62371     750     799
   1491   68467     750     904
   1492   73596     751    1089
   1493   77581     751    1214
   1494   82030     752    1305
   1495   84817     752    1435
   1496   86904     753    1461
   1497   88372     753    1555
   1498   89460     754    1553
   1499   89822     754    1486
   1500   88542     755    1420
   1501   87991     755    1458
   1502   86201     756    1560
   1503   84540     756    1393
   1504   81495     757    1410
   1505   78757     757    1224
   1506   74296     757    1142
   1507   69698     758    1024
   1508   64456     758     837
   1509   58013     759     714
   1510   51414     759     566
   1511   44784     760     392
   1512   37528     760     323
   1513   30271     761     202
   1514   23938     761     165
   1515   19083     762    97,0
   1516   15382     762    85,0
   1517   12318     763    70,0
   1518   10278     763    64,0
   1519    8646     764    57,0
   1520    7395     764    70,0
   1521    6498     765    47,0
   1522    5784     765    45,0
   1523    5296     766    50,0
   1524    4829     766    37,0
   1525    4505     767    47,0
   1526    4367     767    36,0
   1527    4101     768    38,0
   1528    4026     768    49,0
   1529    3925     769    54,0
   1530    3973     769    56,0
   1531    3876     770    44,0
   1532    3920     770    48,0
   1533    3886     771    40,0
   1534    3905     771    46,0
   1535    3934     772    46,0
   1536    3806     772    44,0
   1537    3857     773    47,0
   1538    3723     773    41,0
   1539    3725     774    54,0
   1540    3626     774    38,0
   1541    3657     775    50,0
   1542    3563     775    47,0
   1543    3549     776    40,0
   1544    3376     776    49,0
   1545    3412     777    36,0
   1546    3186     777    31,0
   1547    3147     778    39,0
   1548    3073     778    45,0
   1549    2938     779    55,0
   1550    2847     779    39,0
   1551    2761     780    50,0
   1552    2449     780    41,0
   1553    2422     781    38,0
   1554    2294     781    44,0
   1555    2195     782    44,0
   1556    2129     782    44,0
   1557    2030     783    38,0
   1558    2103     783    39,0
   1559    1927     784    35,0
   1560    1831     784    51,0
   1561    1787     785    38,0
   1562    1786     785    32,0
   1563    1731     786    48,0
   1564    1649     786    41,0
   1565    1692     787    43,0
   1566    1644     787    47,0
   1567    1581     788    29,0
   1568    1655     788    33,0
   1569    1579     789    47,0
   1570    1570     789    33,0
   1571    1574     790    29,0
   1572    1594     790    39,0
   1573    1561     791    37,0
   1574    1492     791    37,0
   1575    1521     792    39,0
   1576    1476     792    30,0
   1577    1479     793    37,0
   1578    1577     793    40,0
   1579    1563     794    41,0
   1580    1531     794    33,0
   1581    1593     795    39,0
   1582    1516     795    43,0
   1583    1431     796    30,0
   1584    1487     796    39,0
   1585    1400     797    31,0
   1586    1464     797    47,0
   1587    1477     798    41,0
   1588    1441     798    38,0
   1589    1465     799    40,0
   1590    1450     799    29,0
   1591    1479     800    31,0
   1592    1475     800    43,0
   1593    1552     801    45,0
   1594    1439     801    45,0
   1595    1441     802    27,0
   1596    1455     802    39,0
   1597    1477     803    32,0
   1598    1526     803    25,0
   1599    1522     804    44,0
   1600    1449     804    44,0
   1601    1470     805    41,0
   1602    1541     805    34,0
   1603    1581     806    41,0
   1604    1571     806    33,0
   1605    1493     807    27,0
   1606    1503     807    40,0
   1607    1510     808    32,0
   1608    1575     808    27,0
   1609    1561     809    36,0
   1610    1637     809    29,0
   1611    1606     810    37,0
   1612    1615     810    35,0
   1613    1685     811    34,0
   1614    1659     811    29,0
   1615    1661     812    32,0
   1616    1697     812    30,0
   1617    1710     812    34,0
   1618    1791     813    50,0
   1619    1780     813    32,0
   1620    1853     814    25,0
   1621    1875     814    31,0
   1622    1873     815    35,0
   1623    1889     815    37,0
   1624    2055     816    34,0
   1625    2127     816    36,0
   1626    2197     817    34,0
   1627    2333     817    44,0
   1628    2473     818    33,0
   1629    2602     818    40,0
   1630    2897     819    29,0
   1631    3222     819    25,0
   1632    3548     820    39,0
   1633    4153     820    33,0
   1634    5111     821    36,0
   1635    6065     821    44,0
   1636    7739     822    31,0
   1637   10186     822    58,0
   1638   13577     823    55,0
   1639   18502     823     108
   1640   25701     824     169
   1641   36699     824     291
   1642   52529     825     544
   1643   73475     825    1101
   1644   98116     826    1966
   1645  124689     826    3159
   1646  153186     827    4779
   1647  182624     827    6740
   1648  214045     828    9346
   1649  241201     828   11897
   1650  265118     829   14595
   1651  289128     829   17021
   1652  307626     830   19150
   1653  322723     830   21204
   1654  334002     831   22605
   1655  343654     831   23701
   1656  348915     832   24288
   1657  350928     832   24376
   1658  351544     833   24501
   1659  349692     833   23882
   1660  345697     834   23461
   1661  339419     834   22697
   1662  329471     835   21776
   1663  316715     835   21070
   1664  303510     836   19426
   1665  285971     836   17229
   1666  265269     837   14948
   1667  241519     837   12161
   1668  214747     838    9506
   1669  185406     838    6945
   1670  156967     839    4990
   1671  128882     839    3283
   1672  102995     840    2049
   1673   80584     840    1251
   1674   61450     841     698
   1675   46831     841     405
   1676   34794     842     254
   1677   26191     842     143
   1678   19942     843    95,0
   1679   15278     843    71,0
   1680   11909     844    51,0
   1681    9536     844    48,0
   1682    7556     845    42,0
   1683    6112     845    51,0
   1684    5047     846    29,0
   1685    4424     846    34,0
   1686    3721     847    31,0
   1687    3344     847    34,0
   1688    3071     848    28,0
   1689    2868     848    33,0
   1690    2821     849    28,0
   1691    2611     849    30,0
   1692    2445     850    40,0
   1693    2412     850    24,0
   1694    2246     851    36,0
   1695    2275     851    34,0
   1696    2176     852    32,0
   1697    2056     852    41,0
   1698    2005     853    25,0
   1699    1922     853    35,0
   1700    1905     854    31,0
   1704    1513     856    67,2
   1709    1479     858    33,6
   1714    1378     861     0,0
   1719    1143     863    33,6
   1724    1278     866    33,6
   1729    1244     868    33,6
   1734     908     870    33,6
   1739     807     873    33,6
   1744    1009     875    33,6
   1749    1042     878     0,0
   1754    1109     880    33,6
   1759     941     883    33,6
   1764     706     885    33,6
   1769     908     888    33,6
   1774     975     890    33,6
   1779     874     893     0,0
   1784     874     895     0,0
   1789     773     898    33,6
   1794     605     900    67,2
   1799     807     903    33,6
   1804     941     905     0,0
   1809     740     908     0,0
   1814     672     910    33,6
   1819     706     913    33,6
   1824     706     915    33,6
   1829     740     918     0,0
   1834     706     920    33,6
   1839     471     923     0,0
   1844     538     925    67,2
   1849     605     928    67,2
   1854     672     930    33,6
   1859     572     933    33,6
   1864     538     935    33,6
   1869     538     937     0,0
   1874     504     940    33,6
   1879     740     942    33,6
   1884     807     945    33,6
   1889     639     947    33,6
   1894     437     950    33,6
   1899     605     952    33,6
   1904     639     955    33,6
   1909     504     957     0,0
   1914     370     960     0,0
   1919     504     962     0,0
   1924     572     965     0,0
   1929     874     967     0,0
   1934    1345     970    33,6
   1939     941     972     0,0
   1944     740     975     0,0
   1949     504     977     0,0
   1954     504     980     0,0
   1959     538     982    33,6
   1964     471     985     0,0
   1969     504     987     0,0
   1974     639     990     0,0
   1979     639     992     0,0
   1984     269     995     0,0
   1989     336     997     0,0
   1994     471    1000    33,6
   1999     403    1002    33,6
   2004     336    1005     0,0
   2009     471    1007     0,0
   2014     437    1010    33,6
   2019     471    1012    33,6
   2024     437    1015    33,6
   2029     437    1017    33,6
   2034     605    1020     0,0
   2039     370    1022     0,0
   2044     538    1025     0,0
   2049     336    1027     0,0
   2054     336    1030    33,6
   2059     303    1032     0,0
   2064     403    1034    33,6
   2069     370    1037    33,6
   2074     403    1039     0,0
   2079     437    1042    33,6
   2084     269    1044    67,2
   2089     303    1047    33,6
   2094     202    1049     0,0
   2099     336    1052     0,0
   2104     471    1054     0,0
   2109     437    1057    33,6
   2114     403    1059    33,6
   2119     471    1062    33,6
   2124     403    1064     0,0
   2129     437    1067     0,0
   2134     370    1069     0,0
   2139     403    1072     0,0
   2144     370    1074    33,6
   2149     168    1077    33,6
   2154     303    1079    33,6
   2159     336    1082    33,6
   2164     370    1084    33,6
   2169     370    1087    33,6
   2174     370    1089     0,0
   2179     403    1092     0,0
   2184     269    1094     0,0
   2189     235    1097     0,0
   2194     269    1099     0,0
   2199     336    1102     0,0
   2204     336    1104     0,0
   2209     202    1107     0,0
   2214     235    1109    33,6
   2219     336    1112     0,0
   2224     437    1114     0,0
   2229     303    1117     0,0
   2234     168    1119     0,0
   2239     336    1122     0,0
   2244     336    1124     0,0
   2249     370    1127     0,0
   2254     336    1129     0,0
   2259     269    1131     0,0
   2264     336    1134     0,0
   2269     403    1136     0,0
   2274     471    1139     0,0
   2279     168    1141     0,0
   2284     370    1144     0,0
   2289     336    1146     0,0
   2294     336    1149     0,0
   2299     336    1151     0,0
   2304     202    1154     0,0
   2309     202    1156     0,0
   2314     336    1159    33,6
   2319     101    1161    33,6
   2324     336    1164     0,0
   2329     168    1166    33,6
   2334     235    1169     0,0
   2339     269    1171    33,6
   2344     168    1174    33,6
   2349     303    1176    33,6
   2354     168    1179    33,6
   2359     572    1181    33,6
   2364     269    1184    33,6
   2369     235    1186     0,0
   2374     134    1189     0,0
   2379     336    1191    33,6
   2384     134    1194    33,6
   2389     235    1196    33,6
   2394     303    1199    33,6
   2399     235    1201     0,0
   2404     101    1204     0,0
   2409     134    1206     0,0
   2414     134    1209     0,0
   2419     303    1211    67,2
   2424    67,2    1214     0,0
   2429     202    1216     0,0
   2434     202    1218     0,0
   2439     101    1221    33,6
   2444     202    1223     0,0
   2449     336    1226    33,6
   2454     303    1229    33,6
   2459     269    1231    33,6
   2464     235    1234     0,0
   2469     134    1236     0,0
   2474     202    1238    33,6
   2479     269    1241    33,6
   2484     168    1243    33,6
   2489     303    1246    33,6
   2494     168    1248    67,2
   2499     202    1251    33,6
   2504     303    1253    67,2
   2509    67,2    1256     0,0
   2514     202    1258    33,6
   2519     134    1261    33,6
   2524     168    1263     0,0
   2529     134    1266     101
   2534     202    1268    67,2
   2539     269    1271     0,0
   2544     269    1273     101
   2549    67,2    1276    33,6
   2554     168    1278    33,6
   2559     168    1281    67,2
   2564     202    1283     0,0
   2569     101    1286    67,2
   2574     168    1288     0,0
   2579     168    1291    33,6
   2584     101    1293     0,0
   2589     269    1296    33,6
   2594     235    1298     0,0
   2599     101    1301    33,6
   2604     134    1303     0,0
   2609     168    1306    67,2
   2614     101    1308     0,0
   2619     134    1311     0,0
   2624    33,6    1313     0,0
   2629     101    1316    33,6
   2634     101    1318     0,0
   2639     134    1321    33,6
   2644     202    1323    67,2
   2649     134    1326    33,6
   2654    67,2    1328    33,6
   2659     202    1331    33,6
   2664     168    1333    33,6
   2669    67,2    1336    33,6
   2674     168    1338    67,2
   2679    33,6    1340     0,0
   2684     235    1343     0,0
   2689     202    1345     0,0
   2694     134    1348    67,2
   2699     134    1351    33,6
   2704     168    1353    67,2
   2709     235    1356     101
   2714     134    1358    67,2
   2719    33,6    1360    67,2
   2724    33,6    1363    33,6
   2729     101    1365    33,6
   2734    67,2    1368     0,0
   2739     168    1370    33,6
   2744     168    1373     101
   2749    67,2    1375    33,6
   2754     134    1378     0,0
   2759    67,2    1380    33,6
   2764     134    1383     101
   2769     168    1385    33,6
   2774    67,2    1388    33,6
   2779    67,2    1390    33,6
   2784    67,2    1393    33,6
   2789    33,6    1395    33,6
   2794    67,2    1398    67,2
   2799    67,2    1400    33,6
   2804     0,0    1403     0,0
   2809     101    1405    67,2
   2814     101    1408     101
   2819    67,2    1410    33,6
   2824    67,2    1413     0,0
   2829     101    1415    67,2
   2834     0,0    1418     0,0
   2839    67,2    1420    33,6
   2844     101    1422    33,6
   2849     202    1425    33,6
   2854     134    1427    67,2
   2859    67,2    1430     0,0
   2864     134    1432    67,2
   2869     134    1435     101
   2874     101    1437    33,6
   2879     101    1440     168
   2884    67,2    1442    33,6
   2889     168    1445    67,2
   2894    67,2    1447     101
   2899     101    1450    67,2
   2904    33,6    1452    33,6
   2909     101    1455     235
   2914     101    1457    67,2
   2919    67,2    1460    67,2
   2924     202    1462    67,2
   2929    67,2    1465    67,2
   2934     101    1467     101
   2939    33,6    1470    67,2
   2944    67,2    1472    67,2
   2949     168    1475    67,2
   2954    67,2    1477    33,6
   2959     101    1480     0,0
   2964     0,0    1482     0,0
   2969    67,2    1485    67,2
   2974    33,6    1487     101
   2979     101    1490    33,6
   2984     101    1492     336
   2989    67,2    1495     538
   2994     134    1498    2387
   2999     269    1500    4169
   3004     202    1502    1479
   3009     101    1505     538
   3014    67,2    1508     269
   3019    67,2    1510     101
   3024     0,0    1512     101
   3029    67,2    1515    67,2
   3034    33,6    1518     202
   3039    33,6    1520     168
   3044     134    1522     134
   3049    33,6    1525    67,2
   3054    67,2    1528     0,0
   3059    33,6    1530     101
   3064     101    1533     101
   3069    33,6    1535    67,2
   3074     0,0    1538     202
   3079     134    1540     202
   3084    33,6    1543    67,2
   3089    33,6    1545     134
   3094     101    1548     101
   3099     0,0    1550     134
   3104     336    1553     134
   3109     269    1555    67,2
   3114     0,0    1558    67,2
   3119    67,2    1560     134
   3124    33,6    1563     134
   3129     202    1565    67,2
   3134     269    1568     0,0
   3139     202    1570    33,6
   3144     134    1573    67,2
   3149     0,0    1575    67,2
