01.01.2007   N1106
Образец: "Se"
LiF200
Трубка: "40,0/0,100"
        Отр1            Отр2
   [мА]  [Имп/с]   [мА]  [Имп/с]
    834    1739     425     0,0
    839    1973     427    33,4
    844    2007     430    66,9
    849    2007     432    66,9
    854    2074     435    66,9
    859    2040     437    66,9
    864    2140     440     100
    869    2140     442     100
    874    2207     445     100
    879    2140     447    66,9
    884    2140     450    66,9
    889    2107     452    66,9
    894    2074     455    66,9
    899    2207     457    66,9
    904    2308     460    66,9
    909    2408     462    33,4
    914    2475     465    33,4
    919    2676     467    66,9
    924    3010     469     100
    929    3746     472     100
    934    4749     474     100
    939    5953     477     100
    944    7458     479     100
    949    9063     482     100
    950    9327     482     123
    951    9805     483     124
    952   10288     483     137
    953   10402     484     149
    954   11119     484     113
    955   11616     485     141
    956   12203     485     148
    957   12987     486     154
    958   13834     486     123
    959   14326     487     170
    960   15240     487     152
    961   16574     488     139
    962   17496     488     178
    963   18282     489     200
    964   19726     489     208
    965   21143     490     186
    966   22633     490     213
    967   24359     491     226
    968   26111     491     254
    969   28131     492     247
    970   30309     492     288
    971   32556     493     276
    972   34925     493     353
    973   37023     494     371
    974   39324     494     379
    975   42436     495     422
    976   45726     495     473
    977   48187     496     548
    978   50619     496     561
    979   53324     497     635
    980   56129     497     683
    981   58793     498     769
    982   61117     498     712
    983   62892     499     807
    984   65586     499     854
    985   67155     500     837
    986   68679     500     969
    987   70334     501     995
    988   71459     501     958
    989   72390     502     987
    990   73297     502    1030
    991   74113     503    1038
    992   74501     503     995
    993   74168     504    1030
    994   74707     504    1262
    995   74779     505    1168
    996   73848     505    1153
    997   72961     506    1094
    998   72451     506    1029
    999   71523     507    1008
   1000   68868     507     990
   1001   67682     508     897
   1002   64552     508     913
   1003   61925     508     745
   1004   59013     509     771
   1005   55565     509     691
   1006   52467     510     615
   1007   48202     510     526
   1008   43761     511     404
   1009   40355     511     368
   1010   35771     512     297
   1011   32067     512     261
   1012   28024     513     178
   1013   24574     513     192
   1014   21272     514     166
   1015   17835     514     133
   1016   15334     515     115
   1017   13321     515     115
   1018   11698     516    97,0
   1019   10512     516    95,0
   1020    9331     517    91,0
   1021    8718     517     105
   1022    8194     518    81,0
   1023    7631     518    89,0
   1024    7161     519    78,0
   1025    6964     519     102
   1026    6623     520    73,0
   1027    6349     520    86,0
   1028    6218     521    88,0
   1029    6039     521    94,0
   1030    5977     522    82,0
   1031    5895     522    94,0
   1032    5925     523    94,0
   1033    5929     523    88,0
   1034    6181     524     100
   1035    6196     524    93,0
   1036    6546     525    89,0
   1037    6659     525    81,0
   1038    6842     526     109
   1039    6962     526    92,0
   1040    7316     527    91,0
   1041    7773     527    84,0
   1042    8116     528    93,0
   1043    8426     528    81,0
   1044    8715     529    89,0
   1045    9340     529    99,0
   1046    9525     530    97,0
   1047    9939     530     100
   1048   10600     531    87,0
   1049   11033     531     122
   1050   11515     532     118
   1051   11939     532     111
   1052   12509     533     118
   1053   13094     533     102
   1054   13714     534     113
   1055   14235     534     109
   1056   14805     535     109
   1057   15850     535     126
   1058   16261     535     127
   1059   17391     536     159
   1060   18267     536     141
   1061   19411     537     150
   1062   20341     537     158
   1063   21452     538     178
   1064   23001     538     186
   1065   24586     539     222
   1066   26318     539     221
   1067   28239     540     260
   1068   30706     540     237
   1069   33258     541     322
   1070   36246     541     281
   1071   39310     542     342
   1072   43017     542     412
   1073   46578     543     482
   1074   50936     543     547
   1075   55102     544     623
   1076   60566     544     709
   1077   66352     545     850
   1078   72822     545    1030
   1079   80200     546    1163
   1080   87931     546    1354
   1081   96618     547    1577
   1082  106599     547    1935
   1083  117347     548    2361
   1084  129349     548    2820
   1085  141950     549    3388
   1086  156132     549    4034
   1087  169999     550    4670
   1088  186484     550    5609
   1089  199299     551    7223
   1090  214108     551    8283
   1091  225068     552    9099
   1092  238976     552   10016
   1093  251049     553   11036
   1094  261586     553   11583
   1095  271947     554   12330
   1096  281165     554   13094
   1097  291367     555   13584
   1098  299443     555   13943
   1099  304810     556   14481
   1100  311601     556   14551
   1101  318328     557   14894
   1102  321922     557   14738
   1103  324887     558   15032
   1104  327072     558   14935
   1105  328879     559   15064
   1106  330774     559   15191
   1107  331040     560   15358
   1108  329575     560   15001
   1109  327851     561   14711
   1110  324854     561   14927
   1111  322366     562   14814
   1112  316150     562   14415
   1113  311031     563   14355
   1114  303967     563   14191
   1115  294239     564   13473
   1116  281536     564   12431
   1117  270199     565   11913
   1118  255264     565   10813
   1119  240852     566    9636
   1120  221573     566    9749
   1121  202934     567    8224
   1122  183148     567    6686
   1123  162013     568    4922
   1124  140865     568    3858
   1125  119849     569    2674
   1126   99750     569    1979
   1127   83701     570    1332
   1128   65899     570     787
   1129   53171     571     626
   1130   43923     571     422
   1131   35731     572     298
   1132   29865     572     225
   1133   24835     573     190
   1134   20844     573     160
   1135   17530     574     129
   1136   15059     574     151
   1137   13026     575     133
   1138   10914     575     108
   1139    9211     576     110
   1140    7987     576     103
   1141    6841     577     106
   1142    6199     577     111
   1143    5461     578     114
   1144    4969     578    99,0
   1145    4574     579    94,0
   1146    4239     579     104
   1147    4032     580     117
   1148    3772     580     105
   1149    3589     581     100
   1150    3554     581     115
   1154    2776     583     100
   1159    3043     586     134
   1164    2843     588     167
   1169    2742     591     167
   1174    2408     593     201
   1179    2174     596     234
   1184    2040     598     201
   1189    1906     601     201
   1194    1973     603     201
   1199    1806     606     167
   1204    1806     608     134
   1209    1706     610     134
   1214    1472     613     134
   1219    1472     615     134
   1224    1371     618     134
   1229    1271     620     100
   1234    1271     623     100
   1239    1371     625    66,9
   1244    1505     628    66,9
   1249    1438     630    66,9
   1254    1405     633    66,9
   1259    1338     635    66,9
   1264    1304     638    33,4
   1269    1204     640    33,4
   1274    1338     643    66,9
   1279    1472     645    66,9
   1284    1706     648     100
   1289    1639     650     100
   1294    1605     652     100
   1299    1572     655    66,9
   1304    1538     657     100
   1309    1505     660    66,9
   1314    1338     662    66,9
   1319    1171     665    33,4
   1324    1171     667    66,9
   1329    1304     670    66,9
   1334    1237     672     100
   1339    1171     675    66,9
   1344    1237     677    66,9
   1349    1237     680    33,4
   1354    1104     682    33,4
   1359    1037     685    33,4
   1364    1104     687    66,9
   1369    1204     690    33,4
   1374    1171     692    33,4
   1379    1070     695     0,0
   1384    1037     697     0,0
   1389    1104     700    33,4
   1394    1137     702    33,4
   1399    1171     704    66,9
   1404    1003     707    66,9
   1409     903     709    66,9
   1414    1137     712    66,9
   1419    1572     714    66,9
   1424    2375     717    33,4
   1429    3378     719    33,4
   1434    4080     722    66,9
   1439    3913     724    66,9
   1444    2843     727    66,9
   1449    1672     729    66,9
   1454    1037     732    33,4
   1459     970     734    33,4
   1464     870     737    33,4
   1469     769     739    66,9
   1474     769     742    66,9
   1479     903     744    66,9
   1484     769     747     100
   1489     736     749    66,9
   1494     769     752    66,9
   1499     635     754    33,4
   1504     602     757     0,0
   1509     569     759    33,4
   1514     702     761    66,9
   1519     736     764    66,9
   1524     803     766    66,9
   1529    1104     769    33,4
   1534    1204     771    33,4
   1539    1405     774    33,4
   1544    1304     776    33,4
   1549    1104     779    33,4
   1554    1003     781    33,4
   1559     769     784    33,4
   1564     602     786    33,4
   1569     803     789    33,4
   1574     669     791    33,4
   1579     569     794    66,9
   1584     635     796    66,9
   1589     602     799     100
   1594     535     801     100
   1599     569     804    66,9
   1604     435     806    66,9
   1609     401     809    66,9
   1614     602     811    66,9
   1619     635     813     100
   1624     569     816    66,9
   1629     535     818    66,9
   1634     569     821    66,9
   1639     602     823    66,9
   1644     535     826    66,9
   1649     435     828     100
   1654     535     831     100
   1659     535     833    66,9
   1664     435     836     100
   1669     502     838     100
   1674     435     841     100
   1679     368     843     100
   1684     602     846     100
   1689     569     848     100
   1694     401     851     100
   1699     468     853    66,9
   1704     468     856    66,9
   1709     368     858    66,9
   1714     334     861     100
   1719     468     863     134
   1724     468     866    66,9
   1729     535     868    66,9
   1734     435     870    66,9
   1739     502     873    66,9
   1744     435     875    66,9
   1749     435     878    66,9
   1754     468     880    66,9
   1759     468     883    66,9
   1764     535     885     100
   1769     468     888    66,9
   1774     435     890     100
   1779     468     893     134
   1784     301     895     134
   1789     334     898    66,9
   1794     535     900     100
   1799     435     903     100
   1804     502     905     100
   1809     401     908    66,9
   1814     334     910    66,9
   1819     368     913     100
   1824     268     915     134
   1829     301     918     100
   1834     301     920    66,9
   1839     301     923     100
   1844     334     925     134
   1849     334     928     167
   1854     368     930     134
   1859     301     933     100
   1864     334     935    66,9
   1869     334     937    33,4
   1874     368     940    66,9
   1879     334     942    66,9
   1884     368     945     134
   1889     268     947     134
   1894     134     950     100
   1899     234     952    66,9
   1904     301     955    33,4
   1909     268     957    33,4
   1914     368     960    66,9
   1919     401     962     100
   1924     368     965     100
   1929     301     967    66,9
   1934     334     970     167
   1939     301     972     201
   1944     334     975     234
   1949     368     977     301
   1954     368     980     669
   1959     201     982    1472
   1964     602     985    2408
   1969     803     987    3712
   1974     736     990    5451
   1979     702     992    6388
   1984     468     995    5050
   1989     602     997    2910
   1994     301    1000    1137
   1999     268    1002     468
   2004     268    1005     301
   2009    66,9    1007     134
   2014     234    1010     201
   2019     301    1012     167
   2024     201    1015     134
   2029     167    1017     134
   2034     401    1020    66,9
   2039     201    1022     100
   2044     268    1025     100
   2049     234    1027     100
   2054     301    1030     167
   2059     301    1032     167
   2064     167    1034     167
   2069    66,9    1037     234
   2074     167    1039     234
   2079     334    1042     134
   2084     167    1044     134
   2089     167    1047     201
   2094     368    1049     134
   2099     201    1052    66,9
   2104     234    1054     167
   2109     134    1057     134
   2114     268    1059     134
   2119     167    1062    66,9
   2124     234    1064     100
   2129     268    1067     167
   2134     201    1069     134
   2139     268    1072     167
   2144     201    1074     100
   2149     134    1077     167
   2154     301    1079     167
   2159     100    1082     167
   2164     234    1084     167
   2169     201    1087     201
   2174     268    1089     401
   2179     268    1092     535
   2184     234    1094    1639
   2189     535    1097    4080
   2194    1104    1099   11103
   2199    2007    1102   20535
   2204    2542    1104   27123
   2209    2074    1107   26989
   2214    1973    1109   20334
   2219    1304    1112    9532
   2224     736    1114    3043
   2229     301    1117     669
   2234     134    1119     468
   2239     201    1122     201
   2244     167    1124     201
   2249     167    1127     201
   2254     167    1129     201
   2259     201    1131     100
   2264     167    1134     167
   2269     234    1136     201
   2274     134    1139     167
   2279     134    1141     134
   2284     201    1144     134
   2289    66,9    1146     134
   2294     100    1149     134
   2299     201    1151     167
   2304     100    1154    66,9
   2309     100    1156     134
   2314     201    1159     100
   2319     167    1161    66,9
   2324     134    1164     134
   2329     100    1166     134
   2334     201    1169    33,4
   2339     167    1171    66,9
   2344     134    1174     167
   2349     234    1176     100
   2354     167    1179     100
   2359     100    1181     134
   2364     100    1184     100
   2369     234    1186    66,9
   2374     134    1189    66,9
   2379     134    1191    66,9
   2384     201    1194    66,9
   2389     167    1196    66,9
   2394     100    1199    33,4
   2399     301    1201    66,9
   2404     201    1204    33,4
   2409     201    1206    66,9
   2414     134    1209    66,9
   2419     167    1211     100
   2424     134    1214     167
   2429     234    1216     100
   2434    66,9    1218    66,9
   2439    66,9    1221     100
   2444     100    1223    33,4
   2449     234    1226    66,9
   2454    33,4    1229     0,0
   2459     100    1231     100
   2464     201    1234     0,0
   2469     134    1236     134
   2474     100    1238    66,9
   2479    66,9    1241    66,9
   2484     134    1243    66,9
   2489    66,9    1246    66,9
   2494     301    1248     100
   2499     134    1251    66,9
   2504     301    1253    33,4
   2509     100    1256    33,4
   2514    66,9    1258     134
   2519     167    1261    33,4
   2524     100    1263     0,0
   2529    66,9    1266     100
   2534     167    1268     100
   2539    66,9    1271    66,9
   2544     100    1273    66,9
   2549     100    1276     0,0
   2554     268    1278    66,9
   2559     100    1281    33,4
   2564     100    1283    66,9
   2569     234    1286     100
   2574     100    1288     100
   2579     167    1291    33,4
   2584     167    1293    66,9
   2589    66,9    1296    66,9
   2594    66,9    1298     100
   2599     134    1301     134
   2604     100    1303    66,9
   2609     201    1306    33,4
   2614     100    1308     100
   2619     100    1311    66,9
   2624     0,0    1313    33,4
   2629     167    1316    33,4
   2634     100    1318     100
   2639     100    1321     0,0
   2644     100    1323     100
   2649    33,4    1326    66,9
   2654     201    1328    66,9
   2659    33,4    1331    33,4
   2664    66,9    1333    66,9
   2669     167    1336    33,4
   2674     100    1338    33,4
   2679     134    1340     100
   2684    33,4    1343     134
   2689    66,9    1345     0,0
   2694    66,9    1348     134
   2699     0,0    1351     0,0
   2704    33,4    1353     0,0
   2709     134    1356    33,4
   2714     100    1358    33,4
   2719    33,4    1360     134
   2724    66,9    1363     100
   2729    66,9    1365     0,0
   2734    66,9    1368     100
   2739     0,0    1370    66,9
   2744    66,9    1373    66,9
   2749     100    1375     0,0
   2754    33,4    1378    33,4
   2759     134    1380    66,9
   2764     100    1383    33,4
   2769    66,9    1385     0,0
   2774     100    1388    66,9
   2779    66,9    1390    66,9
   2784     100    1393     100
   2789    66,9    1395    33,4
   2794    66,9    1398     167
   2799     134    1400     0,0
   2804    33,4    1403    66,9
   2809     0,0    1405     167
   2814    66,9    1408    33,4
   2819     0,0    1410    33,4
   2824     100    1413     0,0
   2829    33,4    1415    66,9
   2834    66,9    1418     100
   2839     0,0    1420     100
   2844     100    1422    33,4
   2849    66,9    1425    66,9
   2854    33,4    1427     100
   2859     100    1430     0,0
   2864    66,9    1432     167
   2869     100    1435     201
   2874     234    1437     201
   2879    66,9    1440     100
   2884    33,4    1442     0,0
   2889    33,4    1445    33,4
   2894     100    1447    66,9
   2899    33,4    1450     167
   2904     0,0    1452    33,4
   2909    66,9    1455     100
   2914    33,4    1457    33,4
   2919     100    1460    33,4
   2924    66,9    1462     0,0
   2929     0,0    1465    66,9
   2934    33,4    1467     167
   2939    66,9    1470    66,9
   2944    33,4    1472    33,4
   2949    33,4    1475     100
   2954    66,9    1477    66,9
   2959    66,9    1480     100
   2964     100    1482     100
   2969     134    1485     134
   2974     0,0    1487     100
   2979     0,0    1490    66,9
   2984    66,9    1492     134
   2989     0,0    1495    66,9
   2994    33,4    1498    66,9
   2999     0,0    1500     0,0
   3004    33,4    1502    33,4
   3009    66,9    1505     100
   3014     0,0    1508    66,9
   3019     0,0    1510     0,0
   3024     0,0    1512     100
   3029     0,0    1515    33,4
   3034    33,4    1518    66,9
   3039    66,9    1520    66,9
   3044    33,4    1522    66,9
   3049    33,4    1525    33,4
   3054     0,0    1528    66,9
   3059     0,0    1530    66,9
   3064    33,4    1533    33,4
   3069     0,0    1535    66,9
   3074     0,0    1538    66,9
   3079    33,4    1540     301
   3084     0,0    1543    66,9
   3089    33,4    1545    66,9
   3094    66,9    1548     100
   3099     0,0    1550    66,9
   3104    33,4    1553     0,0
   3109    33,4    1555     100
   3114    33,4    1558    66,9
   3119     0,0    1560     0,0
   3124     0,0    1563     0,0
   3129    33,4    1565    66,9
   3134     401    1568     268
   3139     669    1570     468
   3144     334    1573     803
   3149     468    1575     268
