01.01.2007   N1106
Образец: "W"
LiF200
Трубка: "40,0/0,100"
        Отр1            Отр2
   [мА]  [Имп/с]   [мА]  [Имп/с]
    834    1842     425     167
    839    1607     427     134
    844    1607     430     100
    849    1674     432     100
    854    1708     435     100
    859    1808     437     100
    864    1741     440    67,0
    869    1741     442    67,0
    874    1708     445    33,5
    879    1741     447    67,0
    884    1708     450    33,5
    889    1741     452    67,0
    894    1674     455    67,0
    899    1507     457    67,0
    904    1373     460    67,0
    909    1440     462    67,0
    914    1574     465    67,0
    919    1607     467    67,0
    924    1708     469    67,0
    929    1708     472     100
    934    1641     474     100
    939    1574     477     134
    944    1574     479     134
    949    1607     482     134
    954    1674     484     134
    959    1674     487     134
    964    1775     489     134
    969    1741     492     134
    974    1708     494     134
    979    1775     497     167
    984    1741     499     167
    989    1708     502     167
    994    1674     504     167
    999    1641     507     134
   1004    1674     509     134
   1009    1808     511     100
   1014    1976     514     100
   1019    2210     516     100
   1024    2411     519     100
   1029    2512     521     100
   1034    2713     524     100
   1039    3181     526     100
   1044    3751     529     100
   1049    4488     531     134
   1054    5660     534     134
   1059    6664     536     134
   1064    7435     538     134
   1069    8238     541     167
   1074    8975     543     167
   1079   10382     546     167
   1084   12324     548     134
   1089   14367     551     167
   1094   15874     553     167
   1099   15840     556     167
   1104   14233     558     234
   1109   11118     561     268
   1114    7535     563     268
   1119    4287     566     234
   1124    2646     568     234
   1129    2344     571     201
   1134    2110     573     167
   1139    2043     576     100
   1144    1775     578    67,0
   1149    1607     581     100
   1154    1440     583     100
   1159    1340     586     100
   1164    1373     588     134
   1169    1407     591     134
   1174    1540     593     134
   1179    1607     596     134
   1184    1741     598     134
   1189    1909     601     134
   1194    2110     603     134
   1199    2512     606     134
   1204    3181     608    67,0
   1209    4253     610    67,0
   1214    5760     613    67,0
   1219    8540     615    67,0
   1224   14434     618     134
   1229   23375     620     167
   1230   23619     621     194
   1231   25688     621     216
   1232   27839     622     207
   1233   30302     622     244
   1234   32449     623     271
   1235   34436     623     272
   1236   36304     624     278
   1237   38202     624     296
   1238   39675     625     318
   1239   41352     625     370
   1240   42742     626     332
   1241   43398     626     341
   1242   44958     627     402
   1243   45586     627     438
   1244   46292     628     395
   1245   46946     628     438
   1246   47314     629     429
   1247   47830     629     497
   1248   47634     630     473
   1249   48211     630     432
   1250   47896     631     472
   1251   47664     631     476
   1252   47683     632     460
   1253   47300     632     446
   1254   46623     633     453
   1255   46026     633     433
   1256   45386     634     408
   1257   44953     634     410
   1258   44656     635     420
   1259   44354     635     399
   1260   44951     636     418
   1261   44881     636     423
   1262   46879     637     485
   1263   49087     637     458
   1264   52188     638     520
   1265   55392     638     565
   1266   59088     639     656
   1267   63765     639     723
   1268   68557     640     858
   1269   73029     640     916
   1270   77736     641    1091
   1271   81751     641    1154
   1272   86130     642    1350
   1273   90383     642    1424
   1274   93730     643    1527
   1275   96304     643    1544
   1276   98852     644    1646
   1277   99806     644    1630
   1278  101022     645    1663
   1279  101674     645    1833
   1280  102564     646    1875
   1281  101382     646    1849
   1282  100926     647    1813
   1283  100190     647    1772
   1284   98740     648    1735
   1285   96719     648    1669
   1286   94423     649    1640
   1287   91886     649    1464
   1288   88788     650    1338
   1289   85876     650    1314
   1290   80383     651    1168
   1291   75906     651     953
   1292   71180     652     926
   1293   65929     652     770
   1294   59661     652     672
   1295   54488     653     556
   1296   48335     653     427
   1297   42526     654     375
   1298   37349     654     293
   1299   32387     655     252
   1300   27950     655     195
   1304   16041     657     201
   1309   10449     660     100
   1314    6463     662    67,0
   1319    3550     665    67,0
   1324    2110     667    67,0
   1329    1607     670    33,5
   1334    1674     672    67,0
   1339    1440     675    67,0
   1344    1273     677    67,0
   1349    1206     680    67,0
   1354    1239     682    67,0
   1359    1172     685    33,5
   1364    1306     687    33,5
   1369    1306     690    33,5
   1374    1340     692    33,5
   1379    1407     695    33,5
   1384    1373     697    33,5
   1389    1340     700    33,5
   1394    1474     702    33,5
   1399    1708     704    33,5
   1404    2143     707    33,5
   1409    2713     709    67,0
   1414    2947     712    67,0
   1419    2914     714    67,0
   1424    2947     717    67,0
   1429    2579     719     100
   1434    2076     722    67,0
   1439    2009     724    33,5
   1444    2478     727    33,5
   1449    4454     729     0,0
   1454   12391     732     100
   1459   36402     734     435
   1460   33847     735     289
   1461   40965     735     360
   1462   47934     736     416
   1463   55433     736     582
   1464   63325     737     739
   1465   70343     737     879
   1466   77476     738    1056
   1467   83888     738    1275
   1468   89304     739    1441
   1469   95106     739    1502
   1470   99750     740    1932
   1471  103453     740    1953
   1472  106705     741    2086
   1473  109380     741    2196
   1474  110791     742    2215
   1475  111138     742    2168
   1476  110395     743    2153
   1477  109642     743    2241
   1478  108561     744    2068
   1479  105298     744    1991
   1480  102811     745    1979
   1481   98450     745    1653
   1482   93308     746    1571
   1483   88285     746    1382
   1484   81407     747    1224
   1485   74595     747     944
   1486   66721     748     845
   1487   58828     748     621
   1488   50434     749     510
   1489   43100     749     354
   1490   36640     750     291
   1494   15539     752    67,0
   1499    6396     754    33,5
   1504    2947     757    33,5
   1509    1607     759    33,5
   1514    1373     761    33,5
   1519    1273     764    67,0
   1524    1641     766    67,0
   1529    2244     769    67,0
   1534    2512     771    33,5
   1539    2713     774    33,5
   1544    2579     776    67,0
   1549    2043     779    67,0
   1554    1407     781    67,0
   1559    1172     784    67,0
   1564     804     786    67,0
   1569     536     789    67,0
   1574     536     791    67,0
   1579     502     794    33,5
   1584     603     796    33,5
   1589     636     799    67,0
   1594     502     801    67,0
   1599     469     804    33,5
   1604     536     806     0,0
   1609     603     809    33,5
   1614     636     811    33,5
   1619     569     813    33,5
   1624     469     816    33,5
   1629     536     818    33,5
   1634     536     821    33,5
   1639     435     823    33,5
   1644     435     826    67,0
   1649     603     828    67,0
   1654     636     831    67,0
   1659     871     833    67,0
   1664    1976     836    33,5
   1669    3047     838    33,5
   1674    3650     841    67,0
   1679    3416     843    67,0
   1684    2344     846    33,5
   1689    1273     848    33,5
   1694     737     851    33,5
   1699     536     853    67,0
   1704     435     856    67,0
   1709     301     858    33,5
   1714     335     861    67,0
   1719     335     863    67,0
   1724     268     866    67,0
   1729     335     868    33,5
   1734     402     870    33,5
   1739     402     873    33,5
   1744     368     875    67,0
   1749     335     878    33,5
   1754     335     880    33,5
   1759     335     883     0,0
   1764     335     885     0,0
   1769     301     888    33,5
   1774     301     890    33,5
   1779     335     893    33,5
   1784     368     895    33,5
   1789     402     898    33,5
   1794     402     900    67,0
   1799     335     903    33,5
   1804     301     905    33,5
   1809     268     908     0,0
   1814     268     910    33,5
   1819     268     913    33,5
   1824     335     915    33,5
   1829     402     918    33,5
   1834     268     920     100
   1839     402     923    67,0
   1844     335     925    33,5
   1849     268     928    67,0
   1854     268     930    67,0
   1859     268     933    67,0
   1864     268     935    33,5
   1869     201     937    67,0
   1874     368     940    33,5
   1879     469     942    67,0
   1884     368     945    33,5
   1889     301     947    33,5
   1894     335     950    33,5
   1899     301     952    67,0
   1904     234     955    33,5
   1909     234     957     0,0
   1914     301     960    33,5
   1919     234     962    33,5
   1924     335     965    67,0
   1929     435     967    67,0
   1934     368     970    67,0
   1939     368     972    33,5
   1944     268     975    33,5
   1949     301     977     0,0
   1954     335     980    33,5
   1959     134     982    33,5
   1964     201     985    33,5
   1969     201     987    33,5
   1974     167     990    33,5
   1979     201     992     0,0
   1984     268     995    67,0
   1989     301     997    67,0
   1994     268    1000    33,5
   1999     134    1002    33,5
   2004    67,0    1005    33,5
   2009     301    1007    33,5
   2014     301    1010    33,5
   2019     100    1012    33,5
   2024     268    1015    33,5
   2029     268    1017    67,0
   2034     234    1020    67,0
   2039     134    1022     100
   2044     268    1025     134
   2049     201    1027    67,0
   2054     234    1030    33,5
   2059     201    1032    33,5
   2064     234    1034     0,0
   2069     301    1037     0,0
   2074     100    1039    67,0
   2079     167    1042    67,0
   2084     201    1044    67,0
   2089     234    1047    33,5
   2094     201    1049    67,0
   2099     234    1052    67,0
   2104     100    1054     100
   2109     134    1057     134
   2114     100    1059     201
   2119     167    1062     335
   2124     134    1064     234
   2129     268    1067     167
   2134     268    1069     134
   2139     134    1072    67,0
   2144     201    1074     134
   2149     167    1077     134
   2154     167    1079    67,0
   2159     100    1082    33,5
   2164     201    1084    33,5
   2169     167    1087    67,0
   2174     167    1089     234
   2179     167    1092     435
   2184     234    1094     603
   2189     301    1097     904
   2194     301    1099     971
   2199     368    1102     536
   2204     134    1104     134
   2209     234    1107     100
   2214     301    1109    67,0
   2219     134    1112    67,0
   2224     100    1114     0,0
   2229     167    1117    67,0
   2234     167    1119    33,5
   2239    67,0    1122    33,5
   2244     134    1124    67,0
   2249     100    1127    33,5
   2254    67,0    1129    33,5
   2259     167    1131    67,0
   2264     100    1134     100
   2269     201    1136     0,0
   2274     201    1139    67,0
   2279     201    1141    33,5
   2284     201    1144    33,5
   2289     134    1146     0,0
   2294     167    1149    33,5
   2299    67,0    1151    33,5
   2304     134    1154     0,0
   2309     167    1156    33,5
   2314     100    1159    33,5
   2319     100    1161    33,5
   2324     134    1164    33,5
   2329    33,5    1166    33,5
   2334     100    1169    33,5
   2339    67,0    1171     0,0
   2344     100    1174     100
   2349     134    1176     100
   2354    67,0    1179    67,0
   2359    67,0    1181    67,0
   2364     167    1184    33,5
   2369     134    1186    33,5
   2374     134    1189    67,0
   2379    33,5    1191    33,5
   2384     100    1194    33,5
   2389     134    1196    33,5
   2394     100    1199    33,5
   2399     134    1201    67,0
   2404     100    1204    67,0
   2409     201    1206    67,0
   2414     0,0    1209     100
   2419     100    1211     100
   2424     0,0    1214    33,5
   2429     100    1216     134
   2434     100    1218    67,0
   2439    33,5    1221    33,5
   2444    67,0    1223    33,5
   2449     134    1226     100
   2454    67,0    1229     100
   2459     134    1231    33,5
   2464    33,5    1234     0,0
   2469     134    1236     201
   2474     234    1238     569
   2479     201    1241    1239
   2484     234    1243    2244
   2489     268    1246    1641
   2494     201    1248     737
   2499    33,5    1251     268
   2504     100    1253     167
   2509    67,0    1256     234
   2514     134    1258     670
   2519     201    1261     703
   2524     134    1263     703
   2529     0,0    1266     268
   2534    67,0    1268     201
   2539    33,5    1271     167
   2544    67,0    1273     636
   2549    67,0    1276    1407
   2554     268    1278    4119
   2559     435    1281    5157
   2564     301    1283    3014
   2569     301    1286    1440
   2574     100    1288     368
   2579    33,5    1291     201
   2584    67,0    1293     301
   2589     234    1296     402
   2594    67,0    1298     268
   2599     201    1301     569
   2604    33,5    1303     368
   2609    67,0    1306     268
   2614    67,0    1308    67,0
   2619     100    1311     100
   2624     0,0    1313     0,0
   2629    33,5    1316     100
   2634    67,0    1318    33,5
   2639    67,0    1321    33,5
   2644     134    1323     100
   2649     134    1326    33,5
   2654     100    1328    33,5
   2659    33,5    1331    33,5
   2664     100    1333     100
   2669     100    1336    67,0
   2674     100    1338    33,5
   2679     100    1340    33,5
   2684    67,0    1343    33,5
   2689     100    1345     100
   2694     0,0    1348    67,0
   2699    67,0    1351    33,5
   2704    67,0    1353     0,0
   2709     100    1356     0,0
   2714     0,0    1358     0,0
   2719    67,0    1360     0,0
   2724    67,0    1363    33,5
   2729    33,5    1365    33,5
   2734     0,0    1368    33,5
   2739    33,5    1370     134
   2744    67,0    1373    33,5
   2749    67,0    1375     0,0
   2754     100    1378    33,5
   2759    33,5    1380    67,0
   2764    33,5    1383     0,0
   2769    33,5    1385     0,0
   2774     100    1388     100
   2779     100    1390    67,0
   2784    67,0    1393    33,5
   2789     0,0    1395     0,0
   2794    33,5    1398     100
   2799     100    1400     0,0
   2804    33,5    1403    33,5
   2809    33,5    1405    33,5
   2814    67,0    1408     100
   2819    33,5    1410    67,0
   2824     0,0    1413     100
   2829    33,5    1415    33,5
   2834    33,5    1418     100
   2839    67,0    1420     167
   2844    33,5    1422    67,0
   2849    33,5    1425    33,5
   2854     0,0    1427    33,5
   2859     100    1430     0,0
   2864    33,5    1432     167
   2869    33,5    1435     100
   2874    33,5    1437    33,5
   2879    33,5    1440     134
   2884     0,0    1442    33,5
   2889     0,0    1445    67,0
   2894     134    1447     0,0
   2899    33,5    1450    67,0
   2904    67,0    1452    33,5
   2909    67,0    1455    67,0
   2914     0,0    1457    33,5
   2919    33,5    1460    33,5
   2924     100    1462     134
   2929     0,0    1465     167
   2934    67,0    1467     268
   2939     0,0    1470     368
   2944     134    1472    2713
   2949     335    1475    3952
   2954     234    1477    2646
   2959     167    1480     636
   2964     0,0    1482     234
   2969     100    1485     402
   2974    33,5    1487     469
   2979    67,0    1490    67,0
   2984    33,5    1492    33,5
   2989     0,0    1495    67,0
   2994     0,0    1498    67,0
   2999    67,0    1500     0,0
   3004    33,5    1502     201
   3009     0,0    1505    67,0
   3014     0,0    1508     0,0
   3019    33,5    1510    33,5
   3024     0,0    1512    67,0
   3029    67,0    1515    67,0
   3034    33,5    1518    67,0
   3039     0,0    1520    67,0
   3044     0,0    1522     0,0
   3049     0,0    1525    67,0
   3054     0,0    1528    33,5
   3059     0,0    1530    33,5
   3064     0,0    1533    33,5
   3069    33,5    1535     0,0
   3074     0,0    1538     100
   3079     0,0    1540     134
   3084     0,0    1543    67,0
   3089    33,5    1545    33,5
   3094     0,0    1548    33,5
   3099    67,0    1550     0,0
   3104    67,0    1553     100
   3109     0,0    1555    33,5
   3114     0,0    1558    67,0
   3119    33,5    1560    33,5
   3124    67,0    1563    67,0
   3129     0,0    1565    33,5
   3134     0,0    1568    33,5
   3139     0,0    1570    33,5
   3144    67,0    1573    33,5
   3149    33,5    1575    67,0
