01.01.2007   N1106
Образец: "Y"
LiF200
Трубка: "40,0/0,100"
        Отр1            Отр2
   [мА]  [Имп/с]   [мА]  [Имп/с]
    834  291473     425    7799
    839  258963     427    6455
    844  203392     430    4841
    849  141534     432    3429
    854   90030     435    2252
    859   44948     437    1378
    864   18826     440     706
    869    8573     442     269
    874    7026     445     0,0
    879    7262     447     0,0
    884    6320     450     0,0
    889    5480     452     0,0
    894    5177     455    33,6
    899    4707     457    33,6
    904    4438     460    33,6
    909    4202     462    33,6
    914    4101     465    67,2
    919    4068     467    67,2
    924    4169     469    67,2
    929    4169     472    67,2
    934    4068     474    67,2
    939    4034     477     101
    944    3967     479     101
    949    3833     482     101
    954    3765     484     134
    959    3496     487     134
    964    3463     489     101
    969    3429     492     101
    974    3429     494     101
    979    3496     497     101
    984    3597     499     101
    989    3664     502     101
    994    3564     504     101
    999    3395     507     101
   1004    3194     509     101
   1009    3295     511     101
   1014    3295     514    67,2
   1019    3194     516    67,2
   1024    3227     519    67,2
   1029    3194     521    67,2
   1034    3295     524    67,2
   1039    3328     526    67,2
   1044    3395     529    67,2
   1049    3463     531    67,2
   1054    3362     534    33,6
   1059    3362     536    33,6
   1064    3093     538    67,2
   1069    2958     541    67,2
   1074    3127     543    67,2
   1079    3160     546     101
   1084    3127     548     101
   1089    2992     551     134
   1094    3127     553     134
   1099    3160     556     101
   1104    3194     558     101
   1109    2925     561     101
   1114    2824     563     101
   1119    2824     566     101
   1124    2757     568     134
   1129    2858     571     134
   1134    2689     573     134
   1139    2622     576     101
   1144    2555     578     101
   1149    2555     581     101
   1154    2723     583     134
   1159    2656     586     134
   1164    2622     588     168
   1169    2555     591     168
   1174    2555     593     134
   1179    2589     596     101
   1184    2488     598     101
   1189    2286     601     101
   1194    2286     603     101
   1199    2051     606     101
   1204    2084     608     134
   1209    2084     610     168
   1214    2017     613     134
   1219    2051     615     134
   1224    1983     618     134
   1229    2152     620     134
   1234    2084     623     134
   1239    2051     625     168
   1244    1782     628     202
   1249    1916     630     168
   1254    1748     633     134
   1259    1815     635     134
   1264    1782     638     134
   1269    1748     640     168
   1274    1849     643     202
   1279    2084     645     202
   1284    2185     648     168
   1289    2152     650     168
   1294    2185     652     168
   1299    2152     655     202
   1304    2051     657     235
   1309    1815     660     269
   1314    1782     662     235
   1319    1916     665     202
   1324    1782     667     202
   1329    1782     670     168
   1334    1647     672     235
   1339    1681     675     303
   1344    1647     677     303
   1349    1479     680     336
   1354    1412     682     303
   1359    1210     685     303
   1364    1143     687     303
   1369    1109     690     269
   1374    1345     692     269
   1379    1378     695     269
   1384    1345     697     269
   1389    1378     700     336
   1390    1389     700     343
   1392    1344     701     353
   1394    1304     702     382
   1396    1347     703     380
   1398    1301     704     417
   1400    1255     705     370
   1402    1213     706     429
   1404    1146     707     432
   1406    1079     708     471
   1408    1060     709     470
   1410    1086     710     513
   1412    1144     711     595
   1414    1147     712     587
   1416    1126     713     680
   1418    1334     714     763
   1420    1419     715     849
   1422    1666     716     926
   1424    1854     717     892
   1426    2133     718    1104
   1428    2302     719    1212
   1430    2559     720    1473
   1432    2784     721    1663
   1434    3008     722    2001
   1436    3041     723    2343
   1438    2939     724    2763
   1440    3064     725    3174
   1442    2891     726    3597
   1444    2798     727    4106
   1446    2641     728    4662
   1448    2505     729    5068
   1450    2339     730    5500
   1452    2232     731    5965
   1455    2138     732    6612
   1457    2032     733    6811
   1459    2076     734    7189
   1461    2192     735    7676
   1463    2175     736    8025
   1465    2225     737    8562
   1467    2407     738    8883
   1469    2466     739    9333
   1471    2267     740    9302
   1473    2284     741    9251
   1475    2191     742    8681
   1477    2122     743    8270
   1479    2098     744    7809
   1481    1951     745    6892
   1483    1797     746    5966
   1485    1649     747    5108
   1487    1513     748    4139
   1489    1356     749    3270
   1491    1092     750    2496
   1493    1041     751    1754
   1495     917     752    1322
   1497     920     753     910
   1499     808     754     785
   1501     818     755     781
   1503     808     756     699
   1505     855     757     633
   1507     820     758     610
   1509     857     759     577
   1511     876     760     634
   1513     863     761     559
   1515     928     762     590
   1517     938     763     530
   1519     893     764     528
   1521     973     765     504
   1523    1063     766     542
   1525    1156     767     500
   1527    1388     768     511
   1529    1549     769     464
   1531    1618     770     531
   1533    1876     771     519
   1535    1859     772     466
   1537    1978     773     484
   1539    1994     774     496
   1541    2019     775     464
   1543    1908     776     475
   1545    1842     777     511
   1547    1654     778     506
   1549    1505     779     531
   1551    1313     780     510
   1553    1069     781     489
   1556     919     782     528
   1558     804     783     487
   1560     724     784     461
   1562     686     785     499
   1564     667     786     482
   1566     704     787     485
   1568     713     788     501
   1570     681     789     478
   1572     655     790     472
   1574     658     791     515
   1576     634     792     476
   1578     647     793     529
   1580     646     794     508
   1582     596     795     549
   1584     616     796     568
   1586     646     797     553
   1588     607     798     547
   1590     630     799     539
   1592     623     800     598
   1594     605     801     641
   1596     622     802     651
   1598     621     803     734
   1600     634     804     721
   1602     625     805     861
   1604     596     806     865
   1606     641     807     948
   1608     630     808    1069
   1610     652     809    1251
   1612     716     810    1618
   1614     790     811    2299
   1616     951     812    2988
   1618    1009     813    4170
   1620    1152     814    5546
   1622    1449     815    7331
   1624    1707     816    9165
   1626    2081     817   11739
   1628    2462     818   14267
   1630    2622     819   17735
   1632    3072     820   21341
   1634    3582     821   24926
   1636    4140     822   28447
   1638    4756     823   32840
   1640    5278     824   37047
   1642    5997     825   41073
   1644    6417     826   45060
   1646    7067     827   48346
   1648    7667     828   50821
   1650    7762     829   50889
   1652    7760     830   51247
   1654    7725     831   49133
   1656    7335     832   46019
   1658    6671     833   41889
   1660    5962     834   37141
   1662    4742     835   31203
   1664    3865     836   25257
   1666    3233     837   19642
   1668    2553     838   14517
   1670    2004     839   10267
   1672    1448     840    7175
   1674    1124     841    4807
   1676     934     842    2917
   1678     682     843    1754
   1680     594     844    1201
   1682     534     845     900
   1685     484     846     728
   1687     452     847     620
   1689     460     848     597
   1691     474     849     525
   1693     460     850     559
   1695     476     851     526
   1697     493     852     493
   1699     464     853     495
   1701     430     854     462
   1703     484     855     487
   1705     470     856     451
   1707     464     857     448
   1709     455     858     457
   1711     442     859     413
   1713     431     860     440
   1715     489     861     414
   1717     498     862     402
   1719     509     863     396
   1721     560     864     401
   1723     546     865     418
   1725     589     866     389
   1727     573     867     451
   1729     600     868     422
   1731     520     869     410
   1733     576     870     426
   1735     555     871     437
   1737     522     872     452
   1739     437     873     386
   1741     445     874     445
   1743     448     875     490
   1745     402     876     423
   1747     469     877     417
   1749     465     878     352
   1751     460     879     391
   1753     442     880     387
   1754     538     880     336
   1759     437     883     403
   1764     437     885     437
   1769     403     888     370
   1774     471     890     303
   1779     370     893     269
   1784     269     895     202
   1789     370     898     269
   1794     403     900     403
   1799     303     903     437
   1804     269     905     336
   1809     303     908     235
   1814     303     910     168
   1819     269     913     235
   1824     202     915     370
   1829     235     918     336
   1834     336     920     235
   1839     437     923     269
   1844     168     925     202
   1849     235     928     168
   1854     403     930     202
   1859     269     933     235
   1864     269     935     202
   1869     269     937     235
   1874     437     940     202
   1879     538     942     168
   1884     538     945     168
   1889     538     947     269
   1894     370     950     235
   1899     336     952     168
   1904     336     955     168
   1909     269     957     202
   1914     336     960     134
   1919     202     962     168
   1924     370     965     235
   1929     605     967     235
   1934     471     970     269
   1939     403     972     269
   1944     403     975     202
   1949     235     977     202
   1954     370     980     235
   1959     504     982     235
   1964     370     985     235
   1969     269     987     134
   1974     235     990     101
   1979     269     992     101
   1984     336     995     134
   1989     572     997     202
   1994     773    1000     235
   1999     504    1002     168
   2004     370    1005     202
   2009     269    1007     168
   2014     235    1010     101
   2019     269    1012     134
   2024     235    1015     134
   2029     101    1017     202
   2034     202    1020     168
   2039     269    1022     101
   2044     269    1025     168
   2049     336    1027     168
   2054     269    1030     101
   2059     370    1032     134
   2064     303    1034     101
   2069     336    1037    67,2
   2074     235    1039     101
   2079     303    1042     134
   2084     168    1044     168
   2089     202    1047     101
   2094     202    1049     134
   2099     101    1052     168
   2104     202    1054     101
   2109     269    1057     101
   2114     202    1059    67,2
   2119     168    1062     168
   2124     269    1064     134
   2129     202    1067     101
   2134     168    1069     101
   2139     235    1072    67,2
   2144     168    1074     101
   2149     202    1077     101
   2154     134    1079    67,2
   2159     202    1082     101
   2164     168    1084     168
   2169     134    1087     168
   2174     336    1089     235
   2179     403    1092     202
   2184     202    1094     101
   2189     471    1097    67,2
   2194     504    1099     134
   2199     639    1102     168
   2204     403    1104     168
   2209     605    1107     202
   2214     370    1109     303
   2219     235    1112     336
   2224     168    1114     269
   2229     101    1117     101
   2234     235    1119     101
   2239     202    1122    33,6
   2244     235    1124    67,2
   2249     303    1127    67,2
   2254     269    1129     101
   2259     134    1131    67,2
   2264     235    1134     101
   2269     168    1136    67,2
   2274     235    1139    67,2
   2279     202    1141     134
   2284     235    1144    67,2
   2289     101    1146     101
   2294     168    1149    67,2
   2299    33,6    1151    67,2
   2304     101    1154     101
   2309     235    1156    33,6
   2314     168    1159    67,2
   2319     168    1161     134
   2324     101    1164     168
   2329     269    1166     101
   2334     235    1169    33,6
   2339     134    1171    67,2
   2344     134    1174    33,6
   2349     168    1176     0,0
   2354     202    1179    67,2
   2359     134    1181    33,6
   2364     168    1184     101
   2369     269    1186    67,2
   2374     134    1189    67,2
   2379     202    1191     101
   2384     168    1194    67,2
   2389     235    1196    67,2
   2394    67,2    1199    67,2
   2399     235    1201     0,0
   2404     269    1204    33,6
   2409     134    1206    33,6
   2414     168    1209    33,6
   2419     168    1211    67,2
   2424    67,2    1214    33,6
   2429     202    1216     101
   2434     168    1218    33,6
   2439     134    1221    67,2
   2444    67,2    1223    33,6
   2449     134    1226    67,2
   2454     101    1229    33,6
   2459     101    1231    33,6
   2464     269    1234     134
   2469     134    1236     235
   2474     269    1238     471
   2479     538    1241     874
   2484     336    1243     672
   2489     269    1246     504
   2494     269    1248     437
   2499     134    1251     235
   2504    67,2    1253     134
   2509     101    1256    67,2
   2514     101    1258     101
   2519     134    1261    33,6
   2524    67,2    1263    67,2
   2529     168    1266    33,6
   2534    67,2    1268    67,2
   2539     134    1271    33,6
   2544     269    1273    67,2
   2549     101    1276    67,2
   2554     101    1278     0,0
   2559     101    1281    33,6
   2564     134    1283    33,6
   2569    67,2    1286    33,6
   2574    67,2    1288     0,0
   2579     101    1291    33,6
   2584    67,2    1293    67,2
   2589    33,6    1296    67,2
   2594     168    1298     101
   2599     134    1301    67,2
   2604     134    1303     0,0
   2609    67,2    1306    33,6
   2614    67,2    1308     101
   2619    33,6    1311    33,6
   2624     101    1313    67,2
   2629    33,6    1316    67,2
   2634     168    1318    67,2
   2639     168    1321     0,0
   2644     101    1323     101
   2649     134    1326     101
   2654     168    1328    33,6
   2659     168    1331     0,0
   2664     0,0    1333     0,0
   2669     101    1336    67,2
   2674     101    1338    33,6
   2679     134    1340     168
   2684     101    1343    67,2
   2689    33,6    1345     0,0
   2694    67,2    1348     0,0
   2699     101    1351     101
   2704     101    1353    33,6
   2709     0,0    1356     0,0
   2714    33,6    1358    33,6
   2719     134    1360     0,0
   2724     168    1363     101
   2729     134    1365     0,0
   2734     101    1368     0,0
   2739     101    1370     134
   2744    33,6    1373     0,0
   2749     134    1375     101
   2754    67,2    1378     101
   2759     101    1380    33,6
   2764    33,6    1383     0,0
   2769     202    1385    67,2
   2774     101    1388    67,2
   2779     101    1390    33,6
   2784     168    1393     0,0
   2789     0,0    1395     0,0
   2794    67,2    1398    67,2
   2799    33,6    1400     101
   2804     134    1403    33,6
   2809    67,2    1405    33,6
   2814     134    1408    33,6
   2819     0,0    1410    33,6
   2824    67,2    1413     0,0
   2829    67,2    1415    33,6
   2834     101    1418    67,2
   2839    67,2    1420    33,6
   2844     0,0    1422    67,2
   2849     134    1425    67,2
   2854    33,6    1427     0,0
   2859     134    1430    33,6
   2864     101    1432     168
   2869    33,6    1435     168
   2874     0,0    1437     101
   2879    67,2    1440     101
   2884     0,0    1442    67,2
   2889    33,6    1445    33,6
   2894     0,0    1447     0,0
   2899     0,0    1450    67,2
   2904     101    1452    67,2
   2909    33,6    1455     0,0
   2914    33,6    1457    67,2
   2919     101    1460    33,6
   2924     101    1462     0,0
   2929    67,2    1465     101
   2934     0,0    1467    67,2
   2939    67,2    1470     101
   2944    67,2    1472    67,2
   2949     101    1475     101
   2954    67,2    1477    67,2
   2959    33,6    1480    67,2
   2964     0,0    1482     168
   2969     0,0    1485    33,6
   2974    67,2    1487    67,2
   2979     0,0    1490     101
   2984    67,2    1492     101
   2989    33,6    1495     0,0
   2994    33,6    1498     0,0
   2999     0,0    1500    33,6
   3004    33,6    1502     0,0
   3009     0,0    1505    67,2
   3014     0,0    1508    33,6
   3019    33,6    1510     134
   3024     0,0    1512    33,6
   3029    67,2    1515    67,2
   3034    67,2    1518     101
   3039    33,6    1520    67,2
   3044     0,0    1522    67,2
   3049     101    1525     101
   3054    67,2    1528     0,0
   3059     101    1530    67,2
   3064    33,6    1533    33,6
   3069     0,0    1535     101
   3074     0,0    1538     101
   3079    33,6    1540    67,2
   3084     0,0    1543    67,2
   3089     0,0    1545    67,2
   3094    33,6    1548    33,6
   3099     0,0    1550    33,6
   3104    33,6    1553     0,0
   3109    33,6    1555     168
   3114    33,6    1558    67,2
   3119    33,6    1560    67,2
   3124     0,0    1563    67,2
   3129    33,6    1565    67,2
   3134    33,6    1568    67,2
   3139    67,2    1570     0,0
   3144     807    1573     202
   3149     706    1575    67,2
